[40, 40, 15, 33, 40, 3, 27, 9, 21, 33, 2, 28, 15, 2, 9, 38, 33, 40, 5, 27, 28, 11, 28, 27, 28, 22, 40, 15, 32, 28, 3, 6, 38, 27, 11, 6, 3, 11, 5, 21, 11, 2, 11, 33, 2, 2, 38, 15, 5, 38, 3, 5, 22, 21, 21, 5, 38, 9, 33, 21, 11, 2, 9, 15, 33, 9, 27, 22, 22, 38, 27, 33, 40, 38, 6, 6, 2, 15, 28, 40, 32, 22, 9, 27, 3, 5, 11, 6, 6, 5, 3, 3, 21, 15, 22, 6, 22, 21, 9, 28]	[0, 9, 9, 0, 7, 7, 0, 0, 7, 0, 9, 0, 0, 0, 7, 0, 0, 0, 0, 0, 10, 7, 0, 0, 0, 0, 10, 7, 0, 0, 0, 9, 7, 0, 0, 0, 0, 9, 0, 7]
[40, 40, 15, 33, 40, 3, 27, 9, 21, 33, 4, 28, 15, 4, 9, 38, 33, 40, 5, 27, 28, 29, 28, 27, 28, 22, 40, 15, 7, 28, 3, 6, 38, 27, 29, 6, 3, 29, 5, 21, 29, 4, 29, 33, 4, 4, 38, 15, 5, 38, 3, 5, 22, 21, 21, 5, 38, 9, 33, 21, 29, 4, 9, 15, 33, 9, 27, 22, 22, 38, 27, 33, 40, 38, 6, 6, 4, 15, 28, 40, 7, 22, 9, 27, 3, 5, 29, 6, 6, 5, 3, 3, 21, 15, 22, 6, 22, 21, 9, 28]	[0, 0, 9, 9, 7, 7, 9, 0, 7, 0, 0, 0, 0, 0, 7, 0, 0, 0, 0, 0, 10, 7, 0, 0, 0, 0, 10, 7, 9, 0, 0, 0, 7, 0, 0, 0, 0, 9, 0, 7]
[40, 38, 24, 2, 40, 8, 27, 9, 40, 23, 21, 35, 16, 31, 40, 2, 31, 40, 5, 27, 8, 17, 35, 27, 24, 23, 40, 35, 16, 31, 6, 31, 35, 27, 16, 17, 5, 38, 5, 21, 9, 17, 38, 31, 2, 38, 38, 24, 35, 38, 16, 5, 23, 8, 9, 5, 16, 27, 6, 9, 9, 17, 9, 2, 2, 24, 35, 6, 16, 8, 27, 6, 6, 6, 6, 35, 8, 8, 24, 40, 9, 31, 17, 27, 17, 5, 24, 23, 8, 5, 31, 2, 23, 38, 17, 2, 23, 23, 24, 16]	[0, 7, 0, 0, 7, 9, 0, 10, 7, 0, 0, 0, 0, 0, 0, 7, 7, 0, 0, 0, 10, 0, 10, 7, 0, 0, 10, 0, 0, 0, 7, 0, 0, 0, 9, 0, 0, 9, 0, 7]
[40, 38, 4, 2, 40, 8, 27, 9, 40, 23, 21, 35, 16, 31, 40, 2, 31, 40, 5, 27, 8, 17, 35, 27, 4, 23, 40, 35, 16, 31, 6, 31, 35, 27, 16, 17, 5, 38, 5, 21, 9, 17, 38, 31, 2, 38, 38, 4, 35, 38, 16, 5, 23, 8, 9, 5, 16, 27, 6, 9, 9, 17, 9, 2, 2, 4, 35, 6, 16, 8, 27, 6, 6, 6, 6, 35, 8, 8, 4, 40, 9, 31, 17, 27, 17, 5, 4, 23, 8, 5, 31, 2, 23, 38, 17, 2, 23, 23, 4, 16]	[0, 7, 0, 9, 7, 9, 0, 10, 7, 0, 0, 0, 0, 0, 0, 7, 7, 0, 0, 0, 10, 0, 10, 0, 0, 0, 10, 0, 0, 0, 7, 0, 0, 0, 9, 0, 0, 9, 0, 7]
[3, 20, 15, 15, 8, 8, 27, 9, 24, 28, 4, 5, 25, 3, 9, 22, 25, 31, 6, 27, 28, 31, 8, 27, 4, 25, 28, 5, 22, 15, 3, 6, 5, 27, 20, 31, 8, 5, 28, 22, 4, 31, 6, 15, 24, 4, 28, 4, 5, 21, 20, 20, 22, 28, 9, 8, 20, 9, 22, 9, 9, 3, 9, 8, 24, 3, 27, 25, 22, 6, 27, 25, 3, 15, 24, 5, 3, 24, 24, 21, 25, 15, 31, 4, 31, 20, 5, 6, 6, 27, 25, 8, 28, 4, 31, 15, 22, 6, 24, 20]	[0, 0, 10, 7, 7, 7, 0, 9, 7, 0, 0, 0, 0, 0, 7, 0, 0, 0, 0, 7, 10, 7, 0, 7, 10, 0, 10, 7, 0, 0, 9, 0, 0, 0, 0, 0, 0, 0, 0, 0]
[2, 38, 4, 3, 2, 8, 27, 9, 2, 23, 21, 35, 16, 31, 2, 3, 31, 2, 5, 27, 8, 17, 35, 27, 4, 23, 2, 35, 16, 31, 6, 31, 35, 27, 16, 17, 5, 38, 5, 21, 9, 17, 38, 31, 3, 38, 38, 4, 35, 38, 16, 5, 23, 8, 9, 5, 16, 27, 6, 9, 9, 17, 9, 3, 3, 4, 35, 6, 16, 8, 27, 6, 6, 6, 6, 35, 8, 8, 4, 2, 9, 31, 17, 27, 17, 5, 4, 23, 8, 5, 31, 3, 23, 38, 17, 3, 23, 23, 4, 16]	[0, 9, 9, 9, 7, 9, 0, 10, 7, 0, 0, 0, 0, 0, 0, 7, 7, 0, 0, 0, 10, 0, 10, 0, 0, 0, 10, 0, 0, 0, 7, 0, 0, 0, 9, 0, 0, 9, 0, 0]
[18, 1, 15, 2, 8, 8, 20, 9, 6, 33, 12, 13, 15, 12, 9, 23, 33, 6, 5, 12, 12, 38, 13, 20, 8, 6, 4, 13, 33, 2, 12, 6, 13, 1, 38, 8, 13, 38, 5, 23, 38, 1, 38, 2, 23, 20, 1, 15, 5, 1, 18, 5, 23, 23, 9, 5, 20, 9, 33, 2, 9, 38, 9, 8, 33, 15, 13, 4, 1, 4, 8, 4, 4, 15, 6, 13, 12, 1, 12, 2, 20, 2, 9, 20, 6, 5, 38, 23, 6, 5, 33, 8, 4, 15, 4, 2, 33, 15, 23, 20]	[9, 9, 0, 9, 9, 9, 0, 9, 9, 0, 0, 9, 9, 0, 9, 0, 0, 9, 0, 9, 0, 0, 9, 0, 0, 0, 0, 0, 0, 0, 0, 0, 9, 0, 0, 0, 0, 9, 0, 0]
[3, 40, 24, 2, 3, 27, 9, 17, 40, 28, 4, 10, 17, 1, 27, 2, 8, 40, 6, 40, 28, 6, 10, 8, 27, 1, 40, 10, 28, 24, 3, 1, 10, 17, 6, 27, 21, 6, 21, 9, 17, 2, 6, 2, 2, 17, 9, 4, 21, 17, 8, 21, 4, 39, 9, 21, 28, 8, 8, 40, 6, 17, 8, 27, 2, 3, 10, 24, 9, 2, 27, 1, 3, 24, 8, 10, 4, 9, 28, 40, 39, 24, 3, 4, 28, 21, 6, 4, 28, 21, 3, 10, 1, 4, 24, 27, 1, 24, 1, 9]	[7, 7, 10, 7, 0, 9, 0, 10, 7, 2, 0, 0, 0, 0, 0, 0, 9, 0, 0, 0, 9, 0, 0, 7, 0, 0, 9, 7, 0, 0, 0, 0, 0, 0, 0, 0, 0, 0, 9, 7]
[5, 7, 8, 2, 11, 8, 1, 9, 24, 7, 20, 10, 16, 22, 9, 1, 20, 1, 4, 20, 16, 4, 10, 22, 11, 20, 7, 10, 16, 31, 5, 6, 10, 24, 4, 8, 11, 4, 31, 1, 31, 2, 4, 8, 2, 2, 7, 24, 10, 16, 16, 6, 20, 1, 9, 11, 6, 9, 7, 9, 4, 31, 9, 11, 2, 5, 10, 6, 16, 2, 11, 31, 5, 8, 24, 10, 5, 1, 24, 31, 24, 8, 5, 7, 20, 2, 4, 6, 6, 1, 5, 11, 31, 7, 24, 8, 20, 6, 9, 16]	[9, 7, 0, 7, 9, 7, 9, 9, 7, 2, 9, 0, 0, 0, 0, 7, 0, 0, 0, 7, 0, 7, 0, 7, 0, 0, 0, 0, 0, 0, 7, 0, 0, 0, 0, 0, 0, 0, 0, 0]
[9, 4, 8, 2, 11, 8, 17, 5, 24, 4, 20, 10, 16, 22, 5, 17, 20, 17, 7, 20, 16, 7, 10, 22, 11, 20, 4, 10, 16, 31, 9, 6, 10, 24, 7, 8, 11, 7, 31, 17, 31, 2, 7, 8, 2, 2, 4, 24, 10, 16, 16, 6, 20, 17, 5, 11, 6, 5, 4, 5, 7, 31, 5, 11, 2, 9, 10, 6, 16, 2, 11, 31, 9, 8, 24, 10, 9, 17, 24, 31, 24, 8, 9, 4, 20, 2, 7, 6, 6, 17, 9, 11, 31, 4, 24, 8, 20, 6, 5, 16]	[0, 7, 0, 7, 9, 7, 9, 9, 9, 2, 9, 0, 0, 0, 0, 7, 9, 0, 0, 7, 0, 7, 0, 7, 0, 0, 0, 0, 0, 0, 7, 0, 0, 0, 0, 0, 0, 0, 0, 0]
[1, 20, 2, 2, 34, 5, 17, 39, 38, 17, 8, 3, 39, 38, 5, 36, 17, 17, 4, 12, 12, 4, 3, 1, 34, 12, 17, 3, 1, 2, 38, 12, 3, 39, 4, 5, 34, 4, 11, 33, 39, 20, 4, 2, 33, 39, 20, 20, 3, 39, 38, 1, 1, 12, 20, 34, 36, 1, 36, 5, 4, 39, 38, 34, 17, 11, 3, 11, 38, 33, 34, 11, 33, 5, 36, 3, 38, 20, 8, 2, 11, 2, 5, 36, 17, 1, 4, 33, 12, 33, 36, 34, 11, 20, 11, 5, 12, 2, 33, 36]	[9, 9, 9, 9, 9, 0, 0, 9, 0, 0, 9, 9, 0, 0, 0, 0, 9, 0, 0, 9, 0, 0, 0, 0, 0, 0, 0, 0, 0, 0, 0, 0, 9, 9, 0, 9, 0, 9, 9, 0]
[38, 1, 23, 23, 8, 11, 17, 29, 12, 17, 4, 35, 29, 12, 11, 20, 17, 17, 36, 5, 5, 36, 35, 38, 8, 5, 17, 35, 38, 23, 12, 5, 35, 29, 36, 11, 8, 36, 3, 2, 29, 1, 36, 23, 2, 29, 1, 1, 35, 29, 12, 38, 38, 5, 1, 8, 20, 38, 20, 11, 36, 29, 12, 8, 17, 3, 35, 3, 12, 2, 8, 3, 2, 11, 20, 35, 12, 1, 4, 23, 3, 23, 11, 20, 17, 38, 36, 2, 5, 2, 20, 8, 3, 1, 3, 11, 5, 23, 2, 20]	[9, 9, 9, 9, 9, 0, 0, 9, 0, 0, 9, 9, 0, 0, 0, 0, 9, 0, 0, 9, 0, 0, 9, 0, 0, 0, 0, 0, 9, 0, 0, 0, 0, 0, 9, 9, 0, 9, 0, 0]
[29, 1, 8, 8, 23, 11, 17, 38, 12, 17, 4, 35, 38, 12, 11, 20, 17, 17, 36, 5, 5, 36, 35, 29, 23, 5, 17, 35, 29, 8, 12, 5, 35, 38, 36, 11, 23, 36, 3, 2, 38, 1, 36, 8, 2, 38, 1, 1, 35, 38, 12, 29, 29, 5, 1, 23, 20, 29, 20, 11, 36, 38, 12, 23, 17, 3, 35, 3, 12, 2, 23, 3, 2, 11, 20, 35, 12, 1, 4, 8, 3, 8, 11, 20, 17, 29, 36, 2, 5, 2, 20, 23, 3, 1, 3, 11, 5, 8, 2, 20]	[9, 9, 9, 9, 9, 0, 0, 9, 0, 0, 9, 9, 0, 0, 0, 0, 9, 0, 0, 9, 0, 0, 9, 0, 0, 0, 0, 0, 9, 0, 0, 0, 0, 0, 9, 9, 0, 9, 0, 0]
[38, 1, 11, 11, 23, 8, 17, 29, 12, 17, 2, 35, 29, 12, 8, 20, 17, 17, 36, 5, 5, 36, 35, 38, 23, 5, 17, 35, 38, 11, 12, 5, 35, 29, 36, 8, 23, 36, 3, 33, 29, 1, 36, 11, 33, 29, 1, 1, 35, 29, 12, 38, 38, 5, 1, 23, 20, 38, 20, 8, 36, 29, 12, 23, 17, 3, 35, 3, 12, 33, 23, 3, 33, 8, 20, 35, 12, 1, 2, 11, 3, 11, 8, 20, 17, 38, 36, 33, 5, 33, 20, 23, 3, 1, 3, 8, 5, 11, 33, 20]	[9, 9, 9, 0, 9, 0, 0, 9, 0, 0, 9, 9, 0, 0, 0, 0, 9, 0, 0, 9, 0, 0, 9, 0, 0, 0, 0, 0, 9, 0, 0, 0, 9, 0, 9, 9, 0, 9, 0, 0]
[17, 1, 8, 8, 10, 11, 2, 29, 12, 2, 4, 35, 29, 12, 11, 20, 2, 2, 36, 5, 5, 36, 35, 17, 10, 5, 2, 35, 17, 8, 12, 5, 35, 29, 36, 11, 10, 36, 3, 38, 29, 1, 36, 8, 38, 29, 1, 1, 35, 29, 12, 17, 17, 5, 1, 10, 20, 17, 20, 11, 36, 29, 12, 10, 2, 3, 35, 3, 12, 38, 10, 3, 38, 11, 20, 35, 12, 1, 4, 8, 3, 8, 11, 20, 2, 17, 36, 38, 5, 38, 20, 10, 3, 1, 3, 11, 5, 8, 38, 20]	[9, 9, 9, 9, 9, 0, 0, 9, 0, 9, 9, 9, 0, 0, 0, 0, 9, 0, 0, 9, 0, 0, 0, 0, 0, 0, 0, 0, 9, 0, 0, 0, 0, 0, 9, 9, 0, 9, 0, 0]
[2, 33, 3, 3, 11, 8, 20, 12, 29, 20, 15, 35, 12, 29, 8, 16, 20, 20, 7, 9, 9, 7, 35, 2, 11, 9, 20, 35, 2, 3, 29, 9, 35, 12, 7, 8, 11, 7, 5, 4, 12, 33, 7, 3, 4, 12, 33, 33, 35, 12, 29, 2, 2, 9, 33, 11, 16, 2, 16, 8, 7, 12, 29, 11, 20, 5, 35, 5, 29, 4, 11, 5, 4, 8, 16, 35, 29, 33, 15, 3, 5, 3, 8, 16, 20, 2, 7, 4, 9, 4, 16, 11, 5, 33, 5, 8, 9, 3, 4, 16]	[0, 9, 9, 9, 9, 0, 9, 9, 9, 0, 9, 9, 0, 0, 9, 9, 0, 0, 0, 9, 0, 0, 0, 0, 0, 0, 0, 0, 9, 0, 0, 0, 9, 0, 9, 0, 0, 0, 0, 0]
[16, 1, 3, 3, 11, 13, 20, 12, 29, 20, 15, 35, 12, 29, 13, 2, 20, 20, 7, 9, 9, 7, 35, 16, 11, 9, 20, 35, 16, 3, 29, 9, 35, 12, 7, 13, 11, 7, 8, 33, 12, 1, 7, 3, 33, 12, 1, 1, 35, 12, 29, 16, 16, 9, 1, 11, 2, 16, 2, 13, 7, 12, 29, 11, 20, 8, 35, 8, 29, 33, 11, 8, 33, 13, 2, 35, 29, 1, 15, 3, 8, 3, 13, 2, 20, 16, 7, 33, 9, 33, 2, 11, 8, 1, 8, 13, 9, 3, 33, 2]	[9, 9, 9, 0, 0, 0, 9, 9, 9, 0, 9, 9, 9, 0, 9, 9, 0, 0, 0, 9, 0, 0, 0, 0, 0, 0, 0, 0, 9, 0, 0, 0, 9, 0, 9, 0, 0, 0, 0, 0]
[16, 1, 8, 8, 11, 13, 20, 12, 29, 20, 15, 35, 12, 29, 13, 2, 20, 20, 7, 9, 9, 7, 35, 16, 11, 9, 20, 35, 16, 8, 29, 9, 35, 12, 7, 13, 11, 7, 3, 33, 12, 1, 7, 8, 33, 12, 1, 1, 35, 12, 29, 16, 16, 9, 1, 11, 2, 16, 2, 13, 7, 12, 29, 11, 20, 3, 35, 3, 29, 33, 11, 3, 33, 13, 2, 35, 29, 1, 15, 8, 3, 8, 13, 2, 20, 16, 7, 33, 9, 33, 2, 11, 3, 1, 3, 13, 9, 8, 33, 2]	[9, 9, 9, 0, 0, 0, 9, 9, 9, 0, 9, 9, 9, 0, 9, 9, 0, 0, 0, 9, 0, 0, 0, 0, 0, 0, 0, 0, 9, 0, 0, 0, 9, 0, 9, 0, 0, 0, 0, 0]
[16, 29, 8, 8, 11, 13, 20, 12, 33, 20, 15, 35, 12, 33, 13, 2, 20, 20, 7, 9, 9, 7, 35, 16, 11, 9, 20, 35, 16, 8, 33, 9, 35, 12, 7, 13, 11, 7, 3, 1, 12, 29, 7, 8, 1, 12, 29, 29, 35, 12, 33, 16, 16, 9, 29, 11, 2, 16, 2, 13, 7, 12, 33, 11, 20, 3, 35, 3, 33, 1, 11, 3, 1, 13, 2, 35, 33, 29, 15, 8, 3, 8, 13, 2, 20, 16, 7, 1, 9, 1, 2, 11, 3, 29, 3, 13, 9, 8, 1, 2]	[9, 9, 9, 0, 0, 0, 9, 9, 9, 0, 9, 9, 9, 0, 9, 9, 0, 0, 0, 9, 0, 0, 0, 0, 0, 0, 0, 0, 9, 0, 0, 0, 9, 0, 9, 0, 0, 0, 0, 0]
