[5, 5, 24, 2, 7, 5, 1, 15, 24, 10, 35, 31, 15, 10, 31, 8, 5, 11, 2, 35, 5, 35, 8, 31, 15, 15, 13, 31, 24, 13, 2, 10, 10, 24, 24, 8, 28, 24, 31, 24, 35, 28, 11, 7, 2, 13, 1, 3, 12, 28, 1, 35, 10, 7, 12, 2, 11, 15, 28, 11, 11, 28, 15, 13, 1, 1, 12, 12, 8, 1, 1, 12, 2, 12, 7, 5, 35, 8, 2, 13, 31, 13, 8, 7, 3, 7, 5, 8, 35, 28, 10, 11, 31, 12, 11, 15, 10, 7, 28, 13]	[6, 6, 6, 0, 6, 0, 6, 6, 0, 6, 6, 6, 6, 0, 6, 0, 0, 0, 0, 0, 0, 0, 0, 6, 0, 0, 0, 6, 0, 0, 6, 0, 0, 0, 6, 0, 0, 0, 0, 0]
[5, 5, 24, 2, 7, 5, 21, 15, 24, 10, 35, 31, 15, 10, 31, 8, 5, 11, 2, 35, 5, 35, 8, 31, 15, 15, 13, 31, 24, 13, 2, 10, 10, 24, 24, 8, 28, 24, 31, 24, 35, 28, 11, 7, 2, 13, 21, 3, 12, 28, 21, 35, 10, 7, 12, 2, 11, 15, 28, 11, 11, 28, 15, 13, 21, 21, 12, 12, 8, 21, 21, 12, 2, 12, 7, 5, 35, 8, 2, 13, 31, 13, 8, 7, 3, 7, 5, 8, 35, 28, 10, 11, 31, 12, 11, 15, 10, 7, 28, 13]	[0, 6, 6, 0, 6, 0, 6, 6, 0, 6, 6, 6, 6, 0, 6, 0, 0, 0, 0, 0, 6, 0, 0, 6, 0, 0, 0, 6, 0, 0, 6, 0, 0, 0, 6, 0, 0, 0, 0, 0]
[5, 5, 24, 2, 7, 5, 21, 15, 24, 10, 35, 31, 15, 10, 31, 8, 5, 11, 2, 35, 5, 35, 8, 31, 15, 15, 13, 31, 24, 13, 2, 10, 10, 24, 24, 8, 28, 24, 31, 24, 35, 28, 11, 7, 2, 13, 21, 26, 12, 28, 21, 35, 10, 7, 12, 2, 11, 15, 28, 11, 11, 28, 15, 13, 21, 21, 12, 12, 8, 21, 21, 12, 2, 12, 7, 5, 35, 8, 2, 13, 31, 13, 8, 7, 26, 7, 5, 8, 35, 28, 10, 11, 31, 12, 11, 15, 10, 7, 28, 13]	[0, 6, 0, 0, 6, 0, 6, 6, 0, 6, 6, 6, 6, 0, 6, 0, 0, 0, 0, 0, 6, 0, 0, 6, 0, 6, 0, 6, 0, 0, 6, 0, 0, 0, 6, 0, 0, 0, 0, 0]
[15, 2, 26, 25, 24, 25, 16, 19, 25, 10, 35, 4, 6, 10, 15, 13, 4, 18, 19, 6, 10, 15, 24, 4, 19, 15, 19, 4, 7, 2, 7, 26, 10, 26, 10, 13, 19, 26, 4, 16, 25, 35, 7, 35, 6, 13, 13, 2, 16, 2, 13, 16, 18, 24, 35, 26, 26, 15, 19, 24, 18, 7, 18, 13, 16, 26, 25, 18, 16, 7, 6, 6, 16, 25, 24, 25, 35, 2, 15, 7, 4, 31, 24, 15, 6, 24, 18, 6, 35, 7, 10, 13, 4, 2, 35, 31, 10, 18, 19, 2]	[0, 6, 0, 6, 0, 6, 6, 0, 0, 6, 0, 0, 6, 0, 6, 6, 0, 6, 6, 0, 0, 0, 0, 6, 6, 6, 0, 0, 0, 0, 6, 0, 0, 0, 6, 0, 0, 0, 0, 0]
[15, 2, 26, 25, 38, 25, 16, 19, 25, 10, 29, 4, 6, 10, 15, 13, 4, 18, 19, 6, 10, 15, 38, 4, 19, 15, 19, 4, 7, 2, 7, 26, 10, 26, 10, 13, 19, 26, 4, 16, 25, 29, 7, 29, 6, 13, 13, 2, 16, 2, 13, 16, 18, 38, 29, 26, 26, 15, 19, 38, 18, 7, 18, 13, 16, 26, 25, 18, 16, 7, 6, 6, 16, 25, 38, 25, 29, 2, 15, 7, 4, 31, 38, 15, 6, 38, 18, 6, 29, 7, 10, 13, 4, 2, 29, 31, 10, 18, 19, 2]	[0, 6, 0, 6, 0, 6, 6, 0, 0, 6, 0, 0, 6, 0, 6, 6, 0, 6, 6, 0, 0, 0, 0, 0, 6, 6, 0, 0, 6, 0, 6, 0, 0, 0, 0, 0, 0, 6, 0, 0]
[15, 2, 26, 25, 38, 25, 16, 19, 25, 10, 29, 4, 6, 10, 15, 13, 4, 18, 19, 6, 10, 15, 38, 4, 19, 15, 19, 4, 7, 2, 7, 26, 10, 26, 10, 13, 19, 26, 4, 16, 25, 29, 7, 29, 6, 13, 13, 2, 16, 2, 13, 16, 18, 38, 29, 26, 26, 15, 19, 38, 18, 7, 18, 13, 16, 26, 25, 18, 16, 7, 6, 6, 16, 25, 38, 25, 29, 2, 15, 7, 4, 28, 38, 15, 6, 38, 18, 6, 29, 7, 10, 13, 4, 2, 29, 28, 10, 18, 19, 2]	[0, 6, 0, 6, 0, 6, 6, 0, 0, 6, 0, 0, 6, 0, 6, 6, 0, 6, 6, 0, 0, 0, 0, 0, 6, 6, 0, 6, 6, 0, 0, 0, 0, 0, 0, 0, 0, 6, 0, 0]
[29, 16, 26, 38, 15, 21, 29, 4, 38, 15, 35, 2, 6, 34, 16, 13, 2, 29, 19, 6, 29, 13, 15, 2, 19, 21, 19, 2, 7, 4, 7, 26, 34, 38, 38, 4, 19, 26, 2, 15, 35, 4, 7, 15, 6, 13, 13, 20, 20, 29, 13, 35, 13, 16, 38, 26, 26, 21, 21, 16, 38, 7, 35, 13, 34, 26, 4, 34, 19, 7, 6, 6, 34, 4, 16, 35, 35, 29, 19, 7, 2, 16, 15, 21, 6, 15, 38, 6, 7, 26, 19, 21, 2, 21, 34, 16, 34, 35, 29, 4]	[0, 6, 0, 6, 0, 6, 6, 0, 0, 0, 0, 0, 6, 0, 6, 6, 0, 0, 6, 6, 6, 0, 0, 0, 0, 6, 0, 0, 6, 0, 0, 0, 0, 6, 6, 0, 0, 6, 0, 0]
[15, 26, 26, 38, 24, 21, 21, 5, 38, 6, 9, 2, 12, 9, 16, 13, 2, 12, 12, 18, 5, 13, 24, 2, 15, 15, 12, 2, 16, 4, 4, 26, 18, 38, 38, 4, 6, 16, 2, 16, 20, 4, 26, 26, 9, 13, 13, 5, 16, 5, 13, 20, 13, 24, 21, 20, 26, 15, 6, 24, 38, 5, 6, 13, 6, 16, 4, 21, 9, 9, 20, 38, 16, 4, 24, 21, 12, 5, 15, 20, 2, 6, 24, 15, 12, 24, 38, 15, 9, 20, 20, 21, 2, 21, 26, 6, 12, 5, 9, 4]	[0, 6, 0, 6, 6, 6, 0, 0, 6, 0, 0, 6, 6, 0, 6, 6, 0, 6, 0, 6, 6, 0, 0, 6, 0, 6, 0, 0, 0, 0, 0, 0, 0, 0, 0, 0, 0, 6, 0, 0]
[15, 2, 10, 38, 1, 25, 9, 31, 38, 26, 9, 26, 6, 9, 16, 13, 2, 20, 20, 6, 10, 13, 1, 26, 19, 20, 20, 2, 31, 10, 9, 15, 10, 38, 10, 31, 2, 16, 2, 16, 25, 15, 26, 26, 6, 13, 13, 31, 9, 20, 13, 16, 13, 1, 10, 19, 31, 19, 19, 1, 38, 31, 13, 38, 15, 16, 25, 9, 19, 4, 6, 38, 16, 25, 1, 25, 15, 4, 19, 16, 26, 2, 1, 26, 6, 1, 38, 6, 9, 25, 19, 15, 6, 20, 25, 2, 10, 15, 20, 31]	[6, 6, 0, 6, 0, 6, 0, 0, 6, 6, 0, 0, 6, 0, 6, 6, 0, 0, 6, 6, 0, 0, 0, 0, 6, 6, 0, 0, 0, 0, 6, 0, 0, 0, 0, 0, 0, 6, 0, 0]
[15, 16, 21, 38, 1, 25, 31, 4, 38, 6, 31, 26, 18, 31, 16, 35, 16, 18, 13, 25, 13, 15, 1, 26, 15, 15, 31, 16, 7, 4, 7, 35, 31, 38, 13, 4, 6, 25, 16, 6, 25, 4, 26, 26, 35, 6, 16, 35, 35, 35, 21, 10, 18, 1, 21, 18, 13, 15, 21, 1, 38, 7, 6, 38, 6, 31, 4, 18, 25, 7, 21, 38, 13, 4, 1, 25, 35, 13, 15, 7, 26, 6, 1, 26, 18, 1, 38, 15, 7, 7, 13, 21, 26, 21, 25, 16, 31, 18, 10, 4]	[6, 0, 0, 6, 0, 6, 6, 0, 0, 6, 0, 0, 6, 0, 6, 6, 0, 6, 0, 0, 6, 0, 0, 0, 6, 6, 0, 0, 0, 0, 6, 0, 0, 0, 6, 0, 0, 6, 0, 0]
[19, 15, 21, 29, 12, 25, 16, 2, 26, 7, 35, 4, 6, 21, 15, 2, 4, 18, 29, 6, 35, 35, 12, 4, 29, 21, 29, 4, 16, 29, 26, 19, 18, 25, 29, 2, 26, 25, 4, 15, 18, 6, 7, 7, 6, 26, 15, 19, 16, 2, 2, 16, 19, 12, 35, 18, 27, 2, 7, 12, 26, 2, 15, 26, 26, 16, 25, 18, 19, 21, 6, 6, 16, 21, 12, 25, 19, 27, 35, 16, 4, 15, 12, 7, 7, 12, 25, 6, 18, 25, 29, 19, 4, 21, 35, 15, 35, 7, 21, 18]	[0, 6, 0, 6, 0, 6, 6, 0, 0, 0, 0, 6, 0, 0, 6, 6, 0, 6, 6, 0, 6, 0, 0, 0, 6, 6, 6, 0, 6, 0, 0, 0, 0, 0, 6, 0, 0, 0, 0, 0]
[21, 3, 26, 31, 1, 25, 38, 34, 6, 5, 18, 2, 6, 31, 3, 15, 2, 34, 38, 31, 38, 15, 1, 2, 34, 21, 21, 2, 7, 38, 7, 26, 31, 25, 31, 34, 6, 26, 2, 3, 25, 6, 5, 5, 10, 15, 3, 21, 18, 18, 15, 31, 15, 1, 38, 26, 26, 34, 5, 1, 6, 7, 3, 15, 6, 26, 25, 18, 6, 7, 34, 38, 31, 25, 1, 25, 38, 10, 15, 7, 2, 3, 1, 5, 5, 1, 25, 21, 7, 26, 18, 21, 2, 18, 21, 3, 7, 5, 34, 18]	[6, 6, 6, 0, 6, 6, 6, 0, 0, 6, 0, 0, 0, 0, 6, 0, 0, 6, 0, 0, 6, 0, 0, 0, 6, 6, 0, 0, 0, 0, 6, 0, 0, 6, 0, 0, 0, 6, 0, 0]
[10, 38, 13, 13, 1, 25, 12, 21, 8, 5, 10, 2, 6, 13, 4, 10, 2, 12, 18, 6, 10, 13, 1, 2, 21, 26, 18, 2, 7, 6, 7, 26, 13, 25, 18, 21, 8, 4, 2, 4, 25, 38, 5, 5, 6, 8, 38, 21, 26, 26, 26, 4, 38, 1, 18, 13, 26, 21, 5, 1, 8, 7, 8, 8, 8, 4, 25, 18, 38, 7, 6, 6, 4, 25, 1, 25, 10, 18, 13, 4, 2, 38, 1, 5, 5, 1, 25, 6, 7, 7, 18, 21, 2, 21, 26, 38, 7, 5, 10, 10]	[6, 6, 0, 6, 6, 6, 6, 6, 0, 6, 0, 6, 6, 0, 0, 0, 0, 6, 0, 0, 6, 0, 0, 0, 6, 6, 0, 0, 0, 0, 0, 0, 0, 0, 0, 0, 0, 6, 0, 0]
[6, 7, 26, 27, 1, 21, 31, 38, 4, 5, 31, 2, 27, 27, 7, 38, 2, 18, 25, 27, 18, 6, 1, 2, 6, 6, 13, 2, 25, 25, 31, 26, 31, 26, 27, 38, 4, 26, 2, 7, 19, 7, 5, 5, 38, 4, 7, 38, 26, 38, 21, 27, 25, 1, 21, 19, 26, 6, 5, 1, 4, 31, 4, 4, 4, 26, 18, 21, 18, 38, 19, 25, 27, 19, 1, 21, 18, 25, 6, 19, 2, 7, 1, 5, 5, 1, 31, 6, 18, 19, 19, 21, 2, 21, 18, 7, 31, 5, 13, 25]	[6, 6, 0, 6, 6, 6, 6, 0, 0, 0, 0, 0, 6, 0, 0, 0, 0, 6, 6, 0, 6, 0, 0, 0, 6, 6, 6, 0, 0, 0, 6, 0, 0, 0, 0, 0, 0, 6, 0, 0]
[13, 9, 2, 2, 5, 19, 19, 13, 3, 31, 19, 27, 3, 4, 9, 22, 27, 10, 13, 2, 16, 2, 5, 27, 19, 31, 34, 27, 31, 6, 13, 16, 4, 4, 16, 6, 3, 34, 27, 9, 10, 22, 34, 34, 16, 3, 9, 13, 31, 22, 6, 4, 16, 5, 34, 4, 13, 19, 22, 5, 3, 22, 9, 3, 3, 22, 7, 31, 31, 19, 10, 6, 2, 4, 5, 2, 13, 7, 2, 19, 27, 9, 5, 34, 10, 5, 10, 6, 10, 4, 16, 6, 27, 31, 34, 9, 16, 10, 22, 6]	[0, 6, 6, 6, 6, 6, 6, 0, 6, 6, 0, 0, 6, 0, 0, 6, 0, 0, 1, 0, 0, 6, 0, 0, 0, 0, 6, 0, 0, 0, 6, 0, 0, 6, 0, 0, 0, 0, 0, 0]
[6, 36, 6, 20, 11, 25, 31, 13, 3, 14, 31, 2, 3, 15, 36, 24, 2, 7, 7, 6, 31, 6, 11, 2, 31, 20, 6, 2, 16, 31, 13, 24, 15, 15, 6, 13, 3, 16, 2, 36, 13, 24, 14, 14, 24, 3, 36, 25, 16, 24, 13, 16, 25, 11, 20, 15, 7, 6, 14, 11, 3, 24, 36, 3, 3, 16, 7, 20, 24, 31, 5, 7, 16, 15, 11, 15, 25, 7, 20, 16, 2, 36, 11, 14, 14, 11, 5, 25, 13, 15, 7, 25, 2, 31, 20, 36, 20, 14, 25, 13]	[0, 6, 6, 0, 6, 6, 6, 0, 0, 0, 6, 0, 6, 6, 6, 6, 0, 0, 0, 6, 0, 0, 0, 6, 6, 0, 0, 0, 0, 0, 6, 0, 0, 0, 0, 6, 0, 0, 0, 0]
[6, 36, 6, 20, 11, 25, 31, 13, 3, 14, 31, 8, 3, 7, 36, 24, 8, 2, 2, 6, 31, 6, 11, 8, 31, 20, 6, 8, 15, 31, 13, 24, 7, 7, 6, 13, 3, 15, 8, 36, 13, 24, 14, 14, 24, 3, 36, 25, 15, 24, 13, 15, 25, 11, 20, 7, 2, 6, 14, 11, 3, 24, 36, 3, 3, 15, 2, 20, 24, 31, 5, 2, 15, 7, 11, 7, 25, 2, 20, 15, 8, 36, 11, 14, 14, 11, 5, 25, 13, 7, 2, 25, 8, 31, 20, 36, 20, 14, 25, 13]	[0, 6, 6, 0, 6, 6, 6, 6, 0, 0, 6, 0, 6, 6, 6, 0, 0, 0, 0, 6, 0, 0, 0, 6, 6, 0, 0, 0, 0, 0, 6, 0, 0, 0, 0, 6, 0, 0, 0, 0]
