[6, 38, 17, 35, 38, 4, 6, 31, 12, 17, 36, 36, 6, 19, 19, 32, 37, 8, 4, 2, 37, 31, 35, 39, 31, 8, 36, 32, 6, 4, 19, 31, 36, 32, 4, 19, 7, 6, 4, 32, 12, 35, 32, 31, 8, 2, 7, 19, 6, 8, 35, 17, 35, 17, 6, 17, 12, 35, 38, 19, 31, 39, 8, 12, 36, 36, 32, 38, 4, 12, 38, 37, 2, 32, 37, 2, 8, 38, 36, 39, 35, 37, 17, 12, 2, 37, 39, 2, 17, 37, 4, 19, 39, 2, 39, 8, 39, 31, 12, 38]	[0, 2, 0, 2, 0, 2, 2, 2, 0, 0, 0, 2, 0, 0, 0, 0, 2, 0, 2, 0, 0, 0, 0, 0, 0, 0, 0, 0, 0, 0, 2, 2, 0, 0, 2, 2, 2, 2, 2, 0]
[6, 38, 17, 35, 38, 4, 6, 23, 12, 17, 36, 36, 6, 19, 19, 32, 37, 8, 4, 2, 37, 23, 35, 39, 23, 8, 36, 32, 6, 4, 19, 23, 36, 32, 4, 19, 7, 6, 4, 32, 12, 35, 32, 23, 8, 2, 7, 19, 6, 8, 35, 17, 35, 17, 6, 17, 12, 35, 38, 19, 23, 39, 8, 12, 36, 36, 32, 38, 4, 12, 38, 37, 2, 32, 37, 2, 8, 38, 36, 39, 35, 37, 17, 12, 2, 37, 39, 2, 17, 37, 4, 19, 39, 2, 39, 8, 39, 23, 12, 38]	[0, 2, 0, 2, 0, 2, 2, 2, 0, 0, 0, 2, 0, 0, 0, 0, 2, 0, 2, 0, 0, 0, 2, 0, 0, 0, 0, 0, 0, 0, 0, 2, 0, 0, 2, 2, 2, 2, 2, 0]
[7, 4, 3, 27, 16, 3, 18, 10, 11, 5, 36, 18, 16, 7, 5, 4, 16, 30, 4, 27, 24, 36, 11, 16, 36, 6, 5, 26, 6, 3, 10, 6, 36, 10, 18, 5, 26, 6, 3, 16, 11, 36, 5, 7, 36, 27, 10, 6, 24, 16, 7, 10, 6, 30, 5, 7, 10, 4, 30, 4, 26, 39, 30, 7, 7, 36, 26, 5, 39, 11, 18, 11, 27, 26, 3, 3, 30, 4, 6, 39, 4, 18, 18, 11, 26, 16, 39, 26, 18, 39, 11, 3, 27, 27, 39, 27, 39, 30, 10, 30]	[0, 0, 2, 2, 2, 2, 2, 0, 0, 2, 2, 0, 0, 0, 0, 2, 0, 2, 0, 0, 0, 0, 0, 2, 0, 2, 2, 0, 0, 2, 0, 0, 0, 0, 0, 2, 0, 0, 2, 0]
[7, 4, 3, 27, 16, 3, 18, 10, 11, 5, 36, 18, 16, 7, 5, 4, 16, 30, 4, 27, 24, 36, 11, 16, 36, 14, 5, 26, 14, 3, 10, 14, 36, 10, 18, 5, 26, 14, 3, 16, 11, 36, 5, 7, 36, 27, 10, 14, 24, 16, 7, 10, 14, 30, 5, 7, 10, 4, 30, 4, 26, 39, 30, 7, 7, 36, 26, 5, 39, 11, 18, 11, 27, 26, 3, 3, 30, 4, 14, 39, 4, 18, 18, 11, 26, 16, 39, 26, 18, 39, 11, 3, 27, 27, 39, 27, 39, 30, 10, 30]	[0, 0, 2, 2, 2, 0, 2, 0, 0, 2, 2, 0, 0, 2, 0, 2, 0, 2, 0, 0, 0, 0, 0, 2, 0, 2, 2, 0, 0, 2, 0, 0, 0, 0, 0, 2, 0, 0, 2, 0]
[30, 10, 3, 5, 18, 39, 18, 7, 14, 33, 36, 5, 8, 7, 14, 11, 16, 8, 3, 27, 14, 5, 11, 39, 36, 8, 16, 10, 16, 3, 11, 10, 36, 16, 33, 28, 7, 8, 3, 16, 28, 36, 5, 7, 8, 27, 5, 7, 7, 8, 28, 10, 36, 18, 3, 16, 8, 28, 18, 14, 11, 39, 33, 14, 30, 36, 11, 5, 33, 7, 18, 14, 27, 5, 3, 33, 33, 10, 10, 39, 28, 10, 14, 28, 27, 28, 39, 27, 36, 11, 11, 3, 27, 27, 39, 33, 39, 18, 16, 18]	[0, 0, 2, 0, 2, 0, 2, 2, 0, 2, 2, 0, 0, 2, 0, 2, 0, 2, 0, 0, 0, 0, 0, 0, 0, 0, 2, 2, 0, 2, 0, 0, 2, 0, 0, 2, 0, 0, 2, 0]
[30, 17, 3, 5, 18, 39, 18, 10, 14, 33, 36, 5, 8, 10, 14, 11, 16, 8, 3, 27, 14, 5, 11, 39, 36, 8, 16, 17, 16, 3, 11, 17, 36, 16, 33, 28, 10, 8, 3, 16, 28, 36, 5, 10, 8, 27, 5, 10, 10, 8, 28, 17, 36, 18, 3, 16, 8, 28, 18, 14, 11, 39, 33, 14, 30, 36, 11, 5, 33, 10, 18, 14, 27, 5, 3, 33, 33, 17, 17, 39, 28, 17, 14, 28, 27, 28, 39, 27, 36, 11, 11, 3, 27, 27, 39, 33, 39, 18, 16, 18]	[0, 0, 2, 0, 2, 0, 0, 2, 0, 2, 2, 0, 0, 2, 0, 2, 2, 2, 0, 0, 0, 0, 0, 0, 0, 0, 2, 2, 0, 2, 0, 0, 2, 0, 0, 2, 0, 0, 2, 0]
[30, 33, 12, 5, 33, 17, 18, 2, 17, 33, 36, 18, 8, 17, 14, 14, 16, 33, 8, 38, 37, 5, 37, 8, 18, 36, 36, 11, 16, 16, 2, 14, 36, 2, 18, 36, 11, 33, 14, 16, 30, 5, 5, 11, 2, 33, 2, 37, 17, 8, 37, 2, 36, 3, 5, 16, 2, 30, 3, 11, 8, 14, 3, 14, 17, 36, 37, 5, 8, 30, 3, 37, 38, 18, 8, 5, 3, 33, 11, 30, 30, 18, 17, 30, 38, 16, 11, 38, 18, 14, 11, 37, 38, 38, 17, 38, 12, 3, 16, 3]	[0, 2, 2, 0, 2, 0, 0, 2, 0, 0, 2, 2, 0, 2, 0, 2, 2, 2, 0, 0, 0, 0, 0, 0, 0, 0, 0, 0, 0, 2, 0, 0, 2, 0, 0, 2, 2, 2, 0, 0]
[17, 24, 17, 5, 24, 17, 24, 10, 30, 33, 16, 37, 8, 11, 28, 28, 28, 24, 4, 1, 37, 16, 33, 8, 16, 8, 30, 30, 30, 4, 10, 17, 16, 10, 33, 5, 11, 24, 4, 11, 5, 16, 10, 28, 16, 5, 10, 11, 11, 8, 5, 10, 8, 3, 11, 37, 8, 4, 3, 4, 28, 4, 3, 2, 11, 16, 37, 24, 33, 30, 3, 37, 1, 8, 33, 33, 3, 24, 2, 4, 5, 30, 17, 30, 1, 5, 17, 1, 17, 37, 33, 37, 1, 1, 28, 1, 28, 3, 10, 3]	[2, 2, 2, 2, 2, 0, 0, 2, 0, 2, 2, 0, 0, 0, 0, 2, 2, 0, 0, 0, 0, 0, 0, 2, 0, 0, 0, 2, 0, 2, 0, 0, 2, 0, 0, 0, 2, 0, 0, 0]
[7, 24, 11, 6, 24, 19, 24, 20, 4, 24, 36, 19, 6, 19, 20, 11, 15, 24, 19, 9, 15, 36, 11, 5, 36, 14, 7, 5, 14, 4, 23, 14, 36, 23, 23, 7, 11, 24, 5, 20, 6, 36, 23, 20, 36, 6, 16, 23, 15, 5, 7, 5, 14, 17, 4, 15, 7, 7, 17, 20, 11, 15, 17, 19, 15, 36, 11, 14, 4, 5, 17, 23, 9, 15, 14, 6, 17, 24, 23, 4, 6, 5, 19, 7, 9, 6, 20, 9, 11, 14, 4, 19, 9, 9, 16, 9, 20, 17, 4, 17]	[0, 0, 0, 2, 2, 2, 2, 0, 2, 0, 2, 0, 0, 2, 2, 2, 2, 0, 2, 2, 0, 0, 2, 2, 0, 0, 0, 0, 0, 0, 0, 0, 0, 0, 0, 2, 0, 0, 0, 0]
[30, 18, 17, 36, 18, 17, 18, 3, 2, 18, 5, 5, 16, 2, 7, 14, 30, 18, 2, 31, 7, 5, 11, 10, 5, 8, 16, 8, 8, 16, 10, 8, 5, 10, 11, 7, 30, 18, 8, 16, 36, 5, 10, 3, 36, 36, 16, 10, 17, 16, 7, 10, 30, 20, 3, 17, 7, 11, 20, 11, 7, 17, 20, 2, 2, 30, 7, 16, 11, 2, 20, 3, 31, 17, 8, 36, 20, 18, 10, 30, 36, 30, 17, 2, 31, 36, 3, 31, 5, 8, 11, 14, 31, 31, 11, 31, 3, 20, 3, 20]	[0, 2, 2, 0, 2, 0, 2, 2, 0, 2, 2, 0, 0, 2, 0, 2, 2, 2, 0, 2, 0, 0, 0, 0, 0, 0, 0, 0, 0, 2, 2, 0, 0, 0, 0, 2, 0, 0, 0, 0]
[2, 18, 11, 1, 18, 6, 18, 12, 33, 18, 4, 6, 1, 6, 12, 11, 37, 18, 6, 15, 37, 4, 11, 8, 4, 3, 2, 8, 3, 33, 14, 3, 4, 14, 14, 2, 11, 18, 8, 12, 1, 4, 14, 12, 4, 1, 10, 14, 37, 8, 2, 8, 3, 20, 33, 37, 2, 2, 20, 12, 11, 37, 20, 6, 37, 4, 11, 3, 33, 8, 20, 14, 15, 37, 3, 1, 20, 18, 14, 33, 1, 8, 6, 2, 15, 1, 12, 15, 11, 3, 33, 6, 15, 15, 10, 15, 12, 20, 33, 20]	[2, 2, 2, 2, 0, 2, 0, 2, 0, 2, 2, 2, 0, 2, 2, 0, 0, 2, 0, 2, 0, 0, 0, 0, 0, 0, 0, 0, 0, 0, 0, 0, 2, 0, 0, 0, 2, 0, 0, 0]
[5, 14, 11, 15, 14, 17, 14, 12, 33, 14, 10, 17, 15, 17, 12, 11, 37, 14, 17, 2, 37, 10, 11, 8, 10, 3, 5, 8, 3, 33, 18, 3, 10, 18, 18, 5, 11, 14, 8, 12, 15, 10, 18, 12, 10, 15, 19, 18, 37, 8, 5, 8, 3, 20, 33, 37, 5, 5, 20, 12, 11, 37, 20, 17, 37, 10, 11, 3, 33, 8, 20, 18, 2, 37, 3, 15, 20, 14, 18, 33, 15, 8, 17, 5, 2, 15, 12, 2, 11, 3, 33, 17, 2, 2, 19, 2, 12, 20, 33, 20]	[0, 2, 2, 0, 2, 0, 0, 2, 0, 2, 2, 2, 0, 2, 2, 0, 2, 2, 2, 2, 0, 0, 0, 0, 0, 0, 0, 0, 0, 0, 0, 0, 2, 0, 0, 0, 2, 0, 0, 0]
[10, 24, 3, 11, 24, 8, 24, 36, 10, 24, 31, 5, 11, 10, 36, 4, 7, 24, 36, 2, 36, 5, 4, 8, 10, 14, 10, 20, 14, 10, 18, 14, 4, 20, 18, 31, 7, 24, 20, 3, 11, 5, 5, 7, 11, 11, 5, 18, 7, 20, 31, 20, 14, 17, 5, 36, 31, 31, 17, 7, 4, 8, 17, 7, 7, 18, 4, 14, 18, 4, 17, 18, 2, 5, 14, 11, 17, 24, 20, 8, 11, 20, 36, 31, 2, 31, 8, 2, 4, 14, 36, 10, 2, 2, 8, 2, 8, 17, 18, 17]	[0, 2, 2, 2, 2, 0, 2, 2, 0, 2, 2, 0, 0, 2, 0, 0, 2, 2, 0, 2, 0, 0, 0, 2, 0, 0, 0, 0, 0, 0, 2, 0, 0, 0, 0, 2, 0, 0, 0, 0]
[4, 17, 11, 1, 17, 5, 17, 10, 30, 17, 28, 5, 1, 5, 10, 11, 15, 17, 5, 2, 15, 28, 11, 8, 28, 3, 4, 8, 3, 30, 33, 3, 28, 33, 33, 4, 11, 17, 8, 10, 1, 28, 33, 10, 28, 1, 16, 33, 15, 8, 4, 8, 3, 20, 30, 15, 4, 4, 20, 10, 11, 15, 20, 5, 15, 28, 11, 3, 30, 8, 20, 33, 2, 15, 3, 1, 20, 17, 33, 30, 1, 8, 5, 4, 2, 1, 10, 2, 11, 3, 30, 5, 2, 2, 16, 2, 10, 20, 30, 20]	[2, 2, 2, 2, 2, 0, 0, 2, 0, 2, 2, 0, 0, 0, 2, 2, 2, 0, 0, 2, 0, 0, 0, 0, 0, 0, 0, 2, 0, 2, 0, 0, 2, 0, 0, 0, 0, 0, 0, 0]
[5, 14, 11, 15, 14, 6, 14, 33, 30, 14, 10, 6, 15, 6, 33, 11, 17, 14, 6, 12, 17, 10, 11, 8, 10, 3, 5, 8, 3, 30, 18, 3, 10, 18, 18, 5, 11, 14, 8, 33, 15, 10, 18, 33, 10, 15, 2, 18, 17, 8, 5, 8, 3, 20, 30, 17, 5, 5, 20, 33, 11, 17, 20, 6, 17, 10, 11, 3, 30, 8, 20, 18, 12, 17, 3, 15, 20, 14, 18, 30, 15, 8, 6, 5, 12, 15, 33, 12, 11, 3, 30, 6, 12, 12, 2, 12, 33, 20, 30, 20]	[0, 2, 2, 0, 2, 2, 0, 2, 0, 2, 2, 2, 0, 2, 2, 0, 2, 2, 0, 2, 0, 0, 0, 0, 0, 0, 0, 0, 0, 2, 0, 0, 2, 0, 0, 0, 0, 0, 0, 0]
[5, 14, 11, 15, 14, 12, 14, 7, 33, 14, 10, 12, 15, 12, 7, 11, 17, 14, 12, 1, 17, 10, 11, 30, 10, 3, 5, 30, 3, 33, 18, 3, 10, 18, 18, 5, 11, 14, 30, 7, 15, 10, 18, 7, 10, 15, 2, 18, 17, 30, 5, 30, 3, 20, 33, 17, 5, 5, 20, 7, 11, 17, 20, 12, 17, 10, 11, 3, 33, 30, 20, 18, 1, 17, 3, 15, 20, 14, 18, 33, 15, 30, 12, 5, 1, 15, 7, 1, 11, 3, 33, 12, 1, 1, 2, 1, 7, 20, 33, 20]	[2, 2, 2, 0, 2, 0, 2, 0, 0, 2, 2, 2, 0, 2, 2, 0, 2, 2, 0, 2, 0, 0, 0, 0, 0, 0, 0, 0, 0, 2, 0, 0, 2, 0, 0, 0, 0, 0, 0, 0]
[4, 17, 10, 22, 17, 33, 17, 5, 4, 17, 1, 18, 22, 4, 5, 2, 7, 17, 5, 15, 5, 18, 2, 33, 4, 14, 4, 3, 14, 4, 23, 14, 2, 3, 23, 1, 7, 17, 3, 10, 22, 18, 18, 7, 22, 22, 18, 23, 7, 3, 1, 3, 14, 20, 18, 5, 1, 1, 20, 7, 2, 33, 20, 7, 7, 23, 2, 14, 23, 2, 20, 23, 15, 18, 14, 22, 20, 17, 3, 33, 22, 3, 5, 1, 15, 1, 33, 15, 2, 14, 5, 4, 15, 15, 33, 15, 33, 20, 23, 20]	[2, 2, 2, 2, 2, 0, 2, 0, 0, 2, 0, 0, 0, 2, 2, 0, 2, 2, 0, 2, 0, 2, 2, 0, 0, 0, 0, 0, 0, 0, 0, 0, 2, 0, 0, 0, 0, 0, 0, 0]
[4, 23, 10, 22, 23, 8, 23, 33, 4, 23, 1, 18, 22, 4, 33, 2, 7, 23, 33, 15, 33, 18, 2, 8, 4, 17, 4, 3, 17, 4, 37, 17, 2, 3, 37, 1, 7, 23, 3, 10, 22, 18, 18, 7, 22, 22, 18, 37, 7, 3, 1, 3, 17, 20, 18, 33, 1, 1, 20, 7, 2, 8, 20, 7, 7, 37, 2, 17, 37, 2, 20, 37, 15, 18, 17, 22, 20, 23, 3, 8, 22, 3, 33, 1, 15, 1, 8, 15, 2, 17, 33, 4, 15, 15, 8, 15, 8, 20, 37, 20]	[2, 2, 2, 2, 0, 0, 2, 2, 0, 2, 0, 0, 0, 0, 2, 0, 2, 2, 0, 2, 0, 2, 2, 0, 0, 0, 0, 0, 0, 0, 0, 0, 2, 0, 0, 0, 2, 0, 0, 0]
[33, 24, 10, 22, 24, 8, 24, 5, 33, 24, 1, 18, 22, 33, 5, 2, 7, 24, 5, 6, 5, 18, 2, 8, 33, 37, 33, 3, 37, 33, 23, 37, 2, 3, 23, 1, 7, 24, 3, 10, 22, 18, 18, 7, 22, 22, 18, 23, 7, 3, 1, 3, 37, 20, 18, 5, 1, 1, 20, 7, 2, 8, 20, 7, 7, 23, 2, 37, 23, 2, 20, 23, 6, 18, 37, 22, 20, 24, 3, 8, 22, 3, 5, 1, 6, 1, 8, 6, 2, 37, 5, 33, 6, 6, 8, 6, 8, 20, 23, 20]	[2, 2, 2, 0, 2, 2, 2, 2, 0, 2, 0, 0, 0, 0, 0, 0, 0, 2, 0, 2, 0, 2, 2, 2, 0, 0, 0, 0, 0, 0, 0, 0, 2, 0, 0, 0, 2, 0, 0, 0]
[16, 23, 10, 22, 23, 8, 23, 33, 16, 23, 15, 18, 22, 16, 33, 2, 37, 23, 33, 1, 33, 18, 2, 8, 16, 14, 16, 3, 14, 16, 30, 14, 2, 3, 30, 15, 37, 23, 3, 10, 22, 18, 18, 37, 22, 22, 18, 30, 37, 3, 15, 3, 14, 20, 18, 33, 15, 15, 20, 37, 2, 8, 20, 37, 37, 30, 2, 14, 30, 2, 20, 30, 1, 18, 14, 22, 20, 23, 3, 8, 22, 3, 33, 15, 1, 15, 8, 1, 2, 14, 33, 16, 1, 1, 8, 1, 8, 20, 30, 20]	[2, 2, 2, 0, 0, 0, 0, 2, 0, 2, 0, 0, 0, 2, 2, 2, 0, 2, 0, 2, 0, 2, 2, 0, 0, 0, 0, 0, 0, 2, 0, 0, 2, 0, 0, 0, 2, 0, 0, 0]
