[17, 17, 23, 11, 38, 18, 17, 11, 23, 19, 28, 34, 37, 3, 37, 6, 5, 36, 37, 19, 6, 23, 11, 18, 37, 18, 5, 34, 34, 11, 23, 36, 23, 34, 26, 5, 26, 3, 34, 34, 3, 26, 11, 37, 15, 17, 38, 28, 18, 19, 36, 17, 3, 6, 26, 19, 5, 15, 28, 28, 19, 6, 6, 5, 26, 37, 11, 11, 26, 3, 19, 5, 15, 17, 36, 23, 15, 23, 3, 19, 18, 18, 15, 28, 37, 15, 28, 18, 6, 36, 6, 28, 26, 15, 17, 36, 34, 3, 36, 5]	[0, 0, 6, 0, 6, 6, 0, 0, 0, 0, 6, 0, 0, 0, 6, 0, 6, 6, 6, 0, 0, 0, 6, 0, 0, 6, 0, 1, 0, 0, 0, 0, 0, 6, 0, 6, 6, 6, 0, 0]
[17, 24, 23, 19, 8, 17, 17, 30, 5, 19, 1, 8, 5, 8, 5, 15, 8, 2, 7, 19, 1, 23, 30, 31, 5, 21, 31, 15, 24, 4, 23, 2, 23, 7, 24, 1, 4, 1, 21, 30, 8, 24, 4, 15, 21, 17, 1, 2, 23, 19, 2, 17, 1, 7, 17, 19, 32, 21, 15, 1, 24, 7, 30, 8, 17, 21, 30, 30, 4, 21, 19, 31, 15, 7, 2, 23, 7, 23, 31, 19, 2, 31, 24, 21, 5, 15, 32, 4, 8, 2, 7, 31, 30, 15, 4, 4, 24, 31, 5, 5]	[6, 6, 0, 6, 6, 0, 6, 6, 0, 0, 0, 0, 0, 0, 6, 0, 6, 0, 6, 0, 6, 0, 6, 6, 0, 0, 0, 0, 0, 6, 6, 6, 0, 0, 0, 0, 0, 0, 0, 0]
[8, 24, 23, 32, 23, 5, 1, 8, 24, 15, 27, 5, 36, 8, 10, 8, 6, 29, 5, 11, 1, 23, 21, 15, 11, 32, 11, 5, 24, 36, 27, 29, 3, 21, 21, 1, 27, 27, 3, 23, 10, 24, 5, 32, 8, 5, 15, 29, 23, 21, 29, 36, 1, 36, 21, 8, 15, 32, 8, 3, 24, 1, 27, 32, 11, 10, 27, 11, 32, 6, 21, 10, 15, 27, 36, 23, 15, 23, 3, 3, 29, 10, 24, 3, 36, 11, 32, 1, 10, 36, 15, 3, 10, 1, 21, 29, 24, 11, 29, 5]	[6, 0, 4, 0, 6, 6, 0, 6, 0, 6, 6, 0, 0, 0, 6, 0, 0, 0, 0, 0, 6, 0, 6, 6, 0, 0, 6, 0, 6, 0, 0, 6, 0, 0, 0, 6, 0, 0, 0, 0]
[8, 24, 23, 32, 23, 37, 1, 8, 24, 15, 27, 37, 36, 8, 17, 8, 9, 29, 37, 11, 1, 23, 21, 15, 11, 32, 11, 37, 24, 36, 27, 29, 3, 21, 21, 1, 27, 27, 3, 23, 17, 24, 37, 32, 8, 37, 15, 29, 23, 21, 29, 36, 1, 36, 21, 8, 15, 32, 8, 3, 24, 1, 27, 32, 11, 17, 27, 11, 32, 9, 21, 17, 15, 27, 36, 23, 15, 23, 3, 3, 29, 17, 24, 3, 36, 11, 32, 1, 17, 36, 15, 3, 17, 1, 21, 29, 24, 11, 29, 37]	[6, 0, 4, 0, 0, 0, 0, 6, 6, 0, 6, 0, 0, 0, 6, 0, 6, 0, 0, 0, 6, 0, 6, 6, 0, 0, 6, 0, 6, 0, 0, 6, 0, 0, 0, 6, 6, 0, 0, 0]
[8, 24, 23, 32, 23, 37, 1, 8, 24, 15, 27, 37, 36, 8, 17, 8, 9, 7, 37, 11, 1, 23, 21, 15, 11, 32, 11, 37, 24, 36, 27, 7, 3, 21, 21, 1, 27, 27, 3, 23, 17, 24, 37, 32, 8, 37, 15, 7, 23, 21, 7, 36, 1, 36, 21, 8, 15, 32, 8, 3, 24, 1, 27, 32, 11, 17, 27, 11, 32, 9, 21, 17, 15, 27, 36, 23, 15, 23, 3, 3, 7, 17, 24, 3, 36, 11, 32, 1, 17, 36, 15, 3, 17, 1, 21, 7, 24, 11, 7, 37]	[6, 0, 4, 0, 0, 0, 6, 6, 6, 0, 6, 0, 0, 0, 6, 0, 6, 0, 0, 0, 6, 0, 6, 6, 0, 0, 6, 0, 0, 0, 0, 6, 0, 0, 0, 6, 6, 0, 0, 0]
[17, 24, 23, 19, 8, 17, 17, 30, 5, 19, 1, 8, 5, 8, 5, 15, 8, 11, 7, 19, 1, 23, 30, 31, 5, 21, 31, 15, 24, 13, 23, 11, 23, 7, 24, 1, 13, 1, 21, 30, 8, 24, 13, 15, 21, 17, 1, 11, 23, 19, 11, 17, 1, 7, 17, 19, 32, 21, 15, 1, 24, 7, 30, 8, 17, 21, 30, 30, 13, 21, 19, 31, 15, 7, 11, 23, 7, 23, 31, 19, 11, 31, 24, 21, 5, 15, 32, 13, 8, 11, 7, 31, 30, 15, 13, 13, 24, 31, 5, 5]	[6, 0, 0, 0, 6, 0, 6, 6, 0, 0, 6, 0, 6, 0, 6, 0, 6, 0, 6, 0, 6, 0, 6, 6, 0, 0, 0, 0, 0, 6, 6, 6, 0, 0, 0, 0, 0, 0, 0, 0]
[17, 24, 17, 19, 29, 17, 17, 8, 24, 19, 27, 8, 24, 27, 29, 8, 31, 1, 11, 19, 3, 19, 21, 15, 11, 32, 11, 15, 24, 23, 27, 1, 17, 21, 21, 29, 23, 27, 3, 15, 8, 24, 23, 32, 8, 17, 29, 1, 15, 21, 1, 32, 15, 8, 21, 19, 3, 32, 27, 3, 19, 17, 30, 29, 30, 29, 30, 8, 23, 3, 21, 31, 15, 27, 1, 29, 15, 24, 27, 19, 1, 3, 30, 3, 30, 11, 32, 23, 30, 1, 11, 11, 30, 32, 21, 23, 24, 11, 23, 32]	[6, 0, 6, 0, 0, 0, 0, 6, 0, 0, 6, 0, 0, 0, 6, 0, 6, 0, 6, 0, 6, 0, 6, 6, 0, 0, 6, 0, 6, 6, 6, 6, 0, 0, 0, 0, 0, 0, 0, 0]
[3, 24, 23, 32, 16, 10, 31, 1, 23, 16, 5, 8, 27, 27, 5, 15, 10, 1, 7, 5, 1, 23, 21, 24, 16, 32, 31, 15, 24, 11, 27, 1, 3, 21, 21, 10, 11, 27, 3, 15, 10, 24, 11, 32, 31, 31, 16, 1, 23, 21, 7, 32, 16, 7, 21, 10, 8, 32, 27, 3, 24, 15, 27, 16, 10, 16, 11, 11, 11, 10, 21, 31, 15, 27, 24, 23, 7, 23, 3, 5, 23, 31, 15, 5, 3, 15, 32, 11, 5, 1, 7, 3, 1, 32, 21, 7, 24, 7, 5, 31]	[6, 0, 6, 0, 6, 0, 6, 6, 0, 6, 6, 0, 0, 0, 6, 6, 0, 0, 0, 0, 6, 0, 6, 6, 0, 0, 6, 0, 0, 0, 6, 6, 0, 0, 0, 0, 0, 0, 0, 0]
[17, 24, 23, 19, 8, 17, 17, 3, 5, 19, 1, 8, 5, 8, 5, 15, 8, 27, 7, 19, 1, 23, 3, 31, 5, 21, 31, 15, 24, 32, 23, 27, 23, 7, 24, 1, 32, 1, 21, 3, 8, 24, 32, 15, 21, 17, 1, 27, 23, 19, 27, 17, 1, 7, 17, 19, 37, 21, 15, 1, 24, 7, 3, 8, 17, 21, 3, 3, 32, 21, 19, 31, 15, 7, 27, 23, 7, 23, 31, 19, 27, 31, 24, 21, 5, 15, 37, 32, 8, 27, 7, 31, 3, 15, 32, 32, 24, 31, 5, 5]	[6, 0, 6, 0, 6, 0, 6, 6, 0, 0, 0, 0, 0, 0, 6, 0, 6, 0, 6, 0, 6, 0, 6, 6, 0, 0, 6, 0, 0, 0, 6, 6, 0, 0, 0, 0, 6, 0, 0, 0]
[7, 37, 23, 32, 19, 19, 1, 13, 23, 19, 1, 16, 13, 27, 37, 15, 9, 3, 7, 15, 21, 23, 13, 15, 27, 32, 16, 21, 16, 4, 27, 3, 23, 7, 27, 1, 4, 1, 21, 21, 16, 13, 4, 32, 15, 16, 5, 21, 23, 37, 3, 32, 15, 7, 21, 9, 9, 32, 15, 1, 13, 1, 7, 9, 37, 16, 4, 13, 4, 5, 1, 9, 19, 27, 3, 23, 7, 23, 27, 19, 3, 37, 15, 9, 7, 37, 32, 4, 37, 21, 19, 27, 13, 32, 4, 3, 16, 9, 3, 19]	[6, 0, 4, 6, 6, 0, 6, 0, 6, 0, 0, 0, 6, 0, 6, 6, 0, 0, 6, 0, 6, 0, 4, 0, 0, 0, 6, 0, 0, 0, 0, 6, 0, 0, 0, 0, 6, 0, 0, 0]
[3, 37, 17, 13, 24, 24, 17, 13, 37, 24, 11, 6, 37, 15, 37, 8, 9, 23, 6, 11, 33, 10, 13, 15, 17, 7, 10, 6, 6, 4, 11, 23, 3, 6, 8, 9, 4, 11, 33, 33, 7, 13, 4, 17, 7, 6, 15, 33, 15, 37, 23, 3, 9, 7, 33, 9, 9, 37, 17, 3, 13, 7, 33, 17, 37, 10, 4, 13, 4, 3, 17, 9, 15, 11, 23, 9, 7, 24, 11, 24, 23, 10, 15, 3, 11, 10, 15, 4, 10, 33, 24, 3, 13, 10, 4, 23, 6, 7, 23, 24]	[0, 0, 4, 6, 0, 6, 6, 6, 6, 6, 6, 0, 6, 0, 6, 0, 6, 0, 0, 0, 0, 0, 4, 6, 0, 0, 0, 0, 0, 0, 0, 0, 6, 0, 0, 0, 6, 0, 0, 0]
[7, 13, 5, 19, 17, 17, 8, 13, 15, 19, 27, 11, 13, 9, 15, 1, 1, 16, 11, 19, 10, 19, 13, 9, 8, 5, 11, 11, 17, 4, 27, 16, 7, 11, 8, 5, 4, 27, 10, 10, 6, 13, 4, 5, 8, 17, 9, 10, 6, 15, 16, 5, 9, 6, 10, 19, 7, 15, 27, 5, 19, 9, 10, 5, 15, 6, 4, 13, 4, 8, 8, 6, 6, 27, 16, 7, 7, 17, 27, 19, 16, 11, 9, 7, 27, 15, 9, 4, 11, 10, 6, 8, 13, 15, 4, 16, 17, 7, 16, 17]	[6, 0, 0, 6, 6, 6, 6, 6, 6, 6, 6, 0, 6, 0, 6, 6, 6, 0, 6, 0, 0, 0, 0, 0, 0, 0, 6, 0, 0, 0, 0, 0, 0, 0, 0, 0, 0, 0, 0, 0]
[8, 21, 31, 24, 17, 19, 31, 24, 8, 19, 27, 21, 24, 16, 17, 8, 13, 5, 21, 16, 1, 17, 24, 31, 13, 32, 13, 1, 19, 2, 3, 5, 3, 21, 29, 13, 27, 27, 1, 1, 17, 24, 2, 32, 13, 19, 16, 1, 16, 21, 5, 32, 16, 8, 1, 8, 16, 21, 32, 3, 24, 8, 27, 16, 21, 17, 2, 2, 2, 3, 32, 17, 31, 27, 5, 31, 29, 19, 27, 3, 5, 31, 8, 3, 27, 13, 32, 2, 17, 1, 13, 3, 24, 32, 2, 5, 19, 31, 5, 19]	[6, 6, 6, 0, 6, 0, 0, 6, 0, 0, 0, 0, 6, 0, 0, 6, 6, 0, 6, 0, 6, 0, 0, 6, 0, 0, 6, 0, 6, 0, 6, 6, 0, 0, 0, 0, 0, 0, 0, 0]
[8, 32, 23, 32, 19, 15, 1, 32, 23, 19, 27, 15, 32, 8, 10, 11, 10, 6, 32, 27, 11, 23, 15, 11, 10, 21, 15, 5, 3, 15, 27, 6, 23, 5, 21, 1, 2, 15, 5, 5, 8, 11, 2, 3, 8, 8, 36, 5, 23, 21, 6, 19, 1, 8, 5, 19, 3, 21, 27, 1, 32, 1, 11, 10, 10, 3, 2, 2, 2, 3, 1, 10, 19, 27, 6, 23, 3, 23, 27, 19, 6, 8, 21, 21, 27, 21, 36, 2, 11, 5, 11, 15, 32, 1, 2, 6, 19, 3, 6, 10]	[6, 6, 6, 0, 6, 6, 0, 6, 0, 6, 6, 0, 0, 0, 6, 0, 0, 0, 6, 0, 6, 0, 6, 0, 0, 0, 6, 0, 0, 0, 0, 6, 0, 0, 0, 6, 0, 0, 0, 0]
[3, 21, 15, 19, 23, 11, 1, 32, 15, 19, 6, 9, 21, 3, 21, 10, 10, 5, 9, 6, 9, 19, 32, 7, 11, 16, 11, 9, 23, 2, 6, 5, 3, 9, 11, 1, 2, 6, 9, 32, 3, 21, 2, 23, 15, 11, 7, 32, 23, 19, 5, 3, 1, 7, 9, 19, 16, 21, 15, 1, 19, 1, 6, 10, 21, 10, 2, 32, 2, 3, 1, 10, 15, 6, 5, 23, 10, 23, 15, 19, 5, 7, 23, 3, 6, 21, 15, 2, 10, 32, 7, 11, 32, 1, 2, 5, 7, 11, 5, 7]	[6, 6, 6, 0, 6, 6, 6, 0, 6, 6, 6, 0, 0, 0, 6, 6, 0, 0, 6, 0, 6, 0, 6, 0, 0, 0, 0, 0, 0, 0, 0, 6, 0, 0, 0, 0, 0, 0, 0, 0]
[3, 32, 17, 13, 15, 15, 17, 13, 32, 15, 8, 1, 32, 24, 32, 37, 23, 5, 1, 8, 6, 11, 13, 24, 17, 7, 11, 1, 1, 2, 8, 5, 3, 1, 37, 23, 2, 8, 6, 6, 7, 13, 2, 17, 7, 1, 24, 6, 24, 32, 5, 3, 23, 7, 6, 23, 23, 32, 17, 3, 13, 7, 6, 17, 32, 11, 2, 13, 2, 3, 17, 23, 24, 8, 5, 23, 7, 15, 8, 15, 5, 11, 24, 3, 8, 11, 24, 2, 11, 6, 15, 3, 13, 11, 2, 5, 1, 7, 5, 15]	[6, 6, 6, 0, 6, 6, 6, 6, 0, 0, 6, 0, 6, 0, 6, 0, 6, 0, 0, 0, 0, 0, 6, 6, 0, 0, 0, 0, 0, 0, 0, 6, 0, 0, 0, 0, 6, 0, 0, 0]
[3, 32, 17, 13, 9, 9, 17, 13, 32, 9, 8, 1, 32, 15, 32, 37, 23, 5, 1, 8, 6, 11, 13, 15, 17, 7, 11, 1, 1, 2, 8, 5, 3, 1, 37, 23, 2, 8, 6, 6, 7, 13, 2, 17, 7, 1, 15, 6, 15, 32, 5, 3, 23, 7, 6, 23, 23, 32, 17, 3, 13, 7, 6, 17, 32, 11, 2, 13, 2, 3, 17, 23, 15, 8, 5, 23, 7, 9, 8, 9, 5, 11, 15, 3, 8, 11, 15, 2, 11, 6, 9, 3, 13, 11, 2, 5, 1, 7, 5, 9]	[6, 6, 6, 0, 6, 6, 6, 6, 6, 0, 6, 0, 6, 0, 6, 0, 6, 0, 0, 0, 0, 0, 6, 0, 0, 0, 0, 0, 0, 0, 0, 6, 0, 0, 0, 0, 6, 0, 0, 0]
[10, 4, 23, 2, 27, 9, 7, 2, 4, 27, 10, 9, 4, 27, 4, 8, 10, 5, 9, 7, 6, 23, 2, 24, 7, 11, 3, 8, 9, 13, 23, 5, 23, 6, 24, 1, 13, 11, 6, 8, 3, 2, 13, 10, 11, 9, 7, 6, 23, 4, 5, 10, 24, 27, 6, 10, 11, 4, 8, 11, 2, 8, 6, 10, 4, 3, 13, 2, 13, 24, 24, 3, 27, 7, 5, 23, 11, 23, 24, 27, 5, 3, 8, 1, 7, 3, 7, 13, 3, 6, 27, 11, 2, 8, 13, 5, 9, 24, 5, 9]	[6, 6, 6, 6, 6, 6, 6, 6, 6, 6, 6, 0, 6, 0, 0, 0, 0, 0, 0, 0, 0, 0, 6, 6, 0, 0, 6, 0, 0, 0, 0, 0, 0, 0, 0, 0, 0, 0, 0, 0]
[10, 4, 23, 2, 27, 9, 7, 2, 4, 27, 10, 9, 4, 27, 4, 8, 10, 5, 9, 7, 6, 23, 2, 24, 7, 11, 3, 8, 9, 12, 23, 5, 23, 6, 24, 1, 12, 11, 6, 8, 3, 2, 12, 10, 11, 9, 7, 6, 23, 4, 5, 10, 24, 27, 6, 10, 11, 4, 8, 11, 2, 8, 6, 10, 4, 3, 12, 2, 12, 24, 24, 3, 27, 7, 5, 23, 11, 23, 24, 27, 5, 3, 8, 1, 7, 3, 7, 12, 3, 6, 27, 11, 2, 8, 12, 5, 9, 24, 5, 9]	[6, 6, 6, 6, 6, 6, 6, 6, 6, 6, 6, 6, 0, 0, 0, 0, 0, 0, 0, 0, 0, 0, 6, 6, 0, 0, 6, 0, 0, 0, 0, 0, 0, 0, 0, 0, 0, 0, 0, 0]
[13, 4, 32, 19, 6, 6, 1, 4, 3, 19, 21, 8, 4, 15, 3, 36, 36, 5, 8, 19, 11, 19, 4, 15, 1, 32, 8, 8, 6, 2, 21, 5, 13, 8, 1, 32, 2, 21, 11, 11, 23, 4, 2, 32, 1, 6, 15, 11, 23, 3, 5, 32, 15, 23, 11, 19, 13, 3, 21, 32, 19, 15, 11, 32, 3, 23, 2, 4, 2, 1, 1, 23, 23, 21, 5, 13, 13, 6, 21, 19, 5, 8, 15, 13, 21, 3, 15, 2, 8, 11, 23, 1, 4, 3, 2, 5, 6, 13, 5, 6]	[6, 6, 4, 6, 6, 6, 0, 6, 0, 0, 6, 0, 6, 0, 6, 0, 0, 0, 6, 0, 6, 0, 6, 0, 0, 0, 0, 0, 0, 0, 0, 6, 0, 0, 0, 6, 0, 0, 0, 0]
[8, 4, 32, 19, 6, 6, 7, 4, 3, 19, 21, 23, 4, 15, 3, 36, 36, 5, 23, 19, 11, 19, 4, 15, 7, 32, 23, 23, 6, 2, 21, 5, 8, 23, 7, 32, 2, 21, 11, 11, 10, 4, 2, 32, 7, 6, 15, 11, 10, 3, 5, 32, 15, 10, 11, 19, 8, 3, 21, 32, 19, 15, 11, 32, 3, 10, 2, 4, 2, 7, 7, 10, 10, 21, 5, 8, 8, 6, 21, 19, 5, 23, 15, 8, 21, 3, 15, 2, 23, 11, 10, 7, 4, 3, 2, 5, 6, 8, 5, 6]	[0, 6, 4, 6, 6, 6, 6, 6, 0, 6, 6, 0, 0, 0, 6, 0, 0, 0, 6, 0, 6, 0, 4, 0, 0, 0, 0, 0, 0, 0, 0, 6, 0, 0, 0, 6, 0, 0, 0, 0]
