[2, 6, 13, 21, 18, 33, 18, 15, 37, 33, 25, 6, 2, 11, 11, 13, 13, 26, 32, 32, 28, 32, 10, 14, 32, 6, 6, 10, 6, 33, 21, 13, 10, 10, 13, 26, 37, 15, 33, 28, 37, 26, 15, 37, 21, 28, 15, 11, 14, 2, 32, 2, 33, 28, 13, 26, 11, 26, 15, 11, 18, 11, 15, 21, 28, 25, 18, 25, 37, 33, 10, 32, 2, 10, 21, 15, 33, 2, 28, 13, 37, 2, 18, 25, 26, 28, 18, 32, 10, 25, 21, 25, 21, 26, 37, 11, 6, 18, 25, 6]	[0, 7, 0, 0, 0, 7, 0, 0, 0, 7, 7, 0, 7, 7, 7, 0, 0, 7, 0, 0, 7, 0, 0, 0, 7, 7, 0, 7, 0, 0, 0, 7, 7, 0, 0, 0, 7, 0, 0, 0]
[19, 6, 13, 21, 18, 33, 18, 15, 37, 33, 25, 6, 19, 11, 11, 13, 13, 26, 32, 32, 28, 32, 10, 14, 32, 6, 6, 10, 6, 33, 21, 13, 10, 10, 13, 26, 37, 15, 33, 28, 37, 26, 15, 37, 21, 28, 15, 11, 14, 19, 32, 19, 33, 28, 13, 26, 11, 26, 15, 11, 18, 11, 15, 21, 28, 25, 18, 25, 37, 33, 10, 32, 19, 10, 21, 15, 33, 19, 28, 13, 37, 19, 18, 25, 26, 28, 18, 32, 10, 25, 21, 25, 21, 26, 37, 11, 6, 18, 25, 6]	[0, 0, 0, 0, 0, 7, 0, 0, 0, 7, 7, 0, 7, 7, 7, 0, 0, 7, 7, 0, 7, 0, 0, 0, 7, 7, 0, 7, 0, 0, 0, 7, 7, 0, 0, 0, 7, 0, 0, 0]
[19, 6, 13, 21, 18, 33, 18, 15, 37, 33, 25, 6, 19, 11, 11, 13, 13, 26, 32, 32, 28, 32, 10, 40, 32, 6, 6, 10, 6, 33, 21, 13, 10, 10, 13, 26, 37, 15, 33, 28, 37, 26, 15, 37, 21, 28, 15, 11, 40, 19, 32, 19, 33, 28, 13, 26, 11, 26, 15, 11, 18, 11, 15, 21, 28, 25, 18, 25, 37, 33, 10, 32, 19, 10, 21, 15, 33, 19, 28, 13, 37, 19, 18, 25, 26, 28, 18, 32, 10, 25, 21, 25, 21, 26, 37, 11, 6, 18, 25, 6]	[0, 0, 0, 0, 0, 7, 0, 0, 0, 7, 7, 0, 7, 0, 7, 0, 0, 7, 7, 0, 7, 0, 0, 0, 7, 7, 0, 7, 0, 0, 0, 7, 7, 0, 0, 0, 7, 0, 0, 7]
[19, 6, 13, 21, 18, 33, 18, 3, 37, 33, 25, 6, 19, 11, 11, 13, 13, 26, 32, 32, 28, 32, 10, 40, 32, 6, 6, 10, 6, 33, 21, 13, 10, 10, 13, 26, 37, 3, 33, 28, 37, 26, 3, 37, 21, 28, 3, 11, 40, 19, 32, 19, 33, 28, 13, 26, 11, 26, 3, 11, 18, 11, 3, 21, 28, 25, 18, 25, 37, 33, 10, 32, 19, 10, 21, 3, 33, 19, 28, 13, 37, 19, 18, 25, 26, 28, 18, 32, 10, 25, 21, 25, 21, 26, 37, 11, 6, 18, 25, 6]	[0, 0, 7, 0, 0, 7, 0, 0, 0, 7, 7, 0, 7, 0, 0, 0, 0, 7, 7, 0, 7, 0, 0, 0, 7, 7, 0, 7, 0, 0, 0, 7, 7, 0, 0, 0, 7, 0, 0, 7]
[19, 6, 13, 4, 18, 33, 18, 21, 37, 33, 25, 6, 19, 11, 11, 13, 13, 24, 32, 32, 28, 32, 10, 2, 32, 6, 6, 10, 6, 33, 4, 13, 10, 10, 13, 24, 37, 21, 33, 28, 37, 24, 21, 37, 4, 28, 21, 11, 2, 19, 32, 19, 33, 28, 13, 24, 11, 24, 21, 11, 18, 11, 21, 4, 28, 25, 18, 25, 37, 33, 10, 32, 19, 10, 4, 21, 33, 19, 28, 13, 37, 19, 18, 25, 24, 28, 18, 32, 10, 25, 4, 25, 4, 24, 37, 11, 6, 18, 25, 6]	[0, 7, 0, 7, 0, 7, 0, 0, 0, 7, 7, 0, 7, 0, 0, 0, 0, 7, 7, 0, 7, 0, 0, 7, 7, 0, 0, 7, 0, 0, 0, 7, 7, 0, 0, 0, 7, 0, 0, 0]
[14, 13, 28, 4, 18, 33, 18, 3, 37, 33, 25, 13, 14, 11, 11, 28, 28, 24, 32, 32, 1, 32, 10, 40, 32, 13, 13, 10, 13, 33, 4, 28, 10, 10, 28, 24, 37, 3, 33, 1, 37, 24, 3, 37, 4, 1, 3, 11, 40, 14, 32, 14, 33, 1, 28, 24, 11, 24, 3, 11, 18, 11, 3, 4, 1, 25, 18, 25, 37, 33, 10, 32, 14, 10, 4, 3, 33, 14, 1, 28, 37, 14, 18, 25, 24, 1, 18, 32, 10, 25, 4, 25, 4, 24, 37, 11, 13, 18, 25, 13]	[7, 0, 7, 7, 0, 0, 0, 0, 0, 7, 7, 0, 7, 7, 0, 0, 0, 7, 0, 0, 0, 0, 0, 7, 7, 0, 0, 7, 0, 0, 0, 7, 7, 0, 0, 0, 7, 0, 0, 7]
[4, 32, 18, 28, 38, 33, 18, 25, 13, 37, 28, 38, 37, 11, 38, 18, 18, 21, 37, 12, 25, 32, 10, 18, 12, 28, 6, 10, 6, 33, 21, 18, 10, 10, 4, 21, 33, 6, 33, 13, 37, 12, 28, 32, 21, 11, 32, 11, 6, 4, 33, 28, 11, 6, 38, 12, 28, 13, 37, 6, 13, 11, 13, 13, 6, 38, 38, 38, 12, 33, 10, 32, 28, 10, 21, 11, 18, 4, 3, 11, 37, 4, 25, 25, 12, 32, 21, 32, 10, 4, 25, 4, 21, 13, 37, 12, 33, 3, 25, 25]	[0, 0, 7, 7, 0, 7, 0, 0, 0, 7, 7, 7, 7, 0, 0, 0, 0, 7, 0, 0, 7, 0, 0, 0, 7, 0, 0, 7, 0, 0, 0, 7, 7, 0, 0, 0, 7, 6, 0, 0]
[38, 6, 28, 25, 30, 33, 6, 10, 3, 33, 10, 30, 32, 11, 30, 33, 25, 24, 38, 25, 38, 3, 10, 25, 18, 6, 6, 10, 6, 33, 11, 28, 14, 38, 32, 18, 13, 6, 33, 13, 32, 24, 10, 3, 24, 11, 3, 38, 11, 28, 14, 28, 33, 30, 13, 18, 38, 14, 32, 13, 13, 11, 18, 12, 6, 30, 30, 13, 11, 33, 32, 3, 25, 10, 24, 11, 25, 28, 24, 38, 32, 32, 18, 24, 14, 13, 18, 3, 10, 28, 12, 28, 25, 30, 14, 14, 3, 18, 24, 14]	[0, 0, 7, 0, 0, 7, 0, 0, 0, 7, 7, 7, 7, 7, 0, 0, 0, 7, 0, 0, 0, 0, 0, 7, 7, 0, 0, 7, 0, 7, 0, 7, 7, 0, 0, 0, 0, 7, 0, 0]
[3, 34, 13, 13, 28, 25, 21, 10, 30, 4, 13, 30, 4, 38, 30, 13, 21, 26, 38, 18, 28, 34, 10, 21, 38, 30, 13, 13, 38, 25, 18, 21, 10, 10, 3, 30, 33, 6, 28, 28, 33, 26, 34, 34, 18, 33, 34, 13, 6, 3, 33, 4, 25, 30, 28, 33, 4, 37, 38, 6, 26, 25, 6, 18, 6, 21, 28, 4, 26, 33, 4, 38, 4, 10, 18, 18, 34, 3, 33, 21, 21, 3, 28, 25, 6, 34, 18, 26, 10, 3, 25, 3, 38, 30, 26, 37, 6, 26, 25, 10]	[0, 0, 7, 7, 0, 7, 0, 0, 0, 7, 0, 0, 7, 0, 0, 0, 0, 7, 0, 0, 7, 0, 0, 0, 7, 7, 0, 7, 0, 7, 0, 0, 7, 7, 0, 0, 7, 7, 0, 0]
[3, 26, 25, 37, 37, 33, 18, 30, 26, 25, 37, 30, 37, 11, 38, 25, 28, 24, 38, 10, 38, 6, 34, 24, 24, 30, 37, 37, 37, 33, 11, 10, 33, 38, 3, 30, 13, 6, 33, 13, 6, 28, 26, 26, 18, 11, 6, 38, 28, 3, 6, 25, 33, 10, 10, 24, 38, 13, 11, 10, 13, 11, 24, 28, 28, 30, 30, 25, 24, 33, 25, 34, 25, 33, 18, 11, 24, 3, 28, 38, 18, 3, 13, 6, 18, 13, 28, 26, 18, 3, 13, 3, 10, 30, 26, 11, 6, 26, 18, 10]	[0, 0, 7, 0, 0, 7, 0, 0, 0, 7, 7, 0, 7, 0, 0, 0, 0, 7, 0, 0, 0, 0, 0, 7, 7, 7, 0, 7, 0, 7, 0, 0, 7, 7, 0, 0, 7, 7, 0, 0]
[4, 30, 10, 10, 28, 32, 18, 34, 13, 7, 11, 6, 7, 30, 32, 10, 18, 24, 37, 33, 28, 30, 11, 18, 32, 18, 10, 11, 33, 30, 33, 10, 11, 11, 4, 3, 13, 32, 28, 28, 37, 24, 37, 30, 3, 28, 30, 10, 6, 4, 32, 7, 13, 33, 10, 24, 7, 13, 37, 33, 13, 6, 6, 34, 6, 18, 28, 7, 24, 37, 7, 32, 7, 11, 3, 3, 18, 4, 24, 18, 37, 4, 28, 3, 24, 30, 3, 32, 11, 4, 13, 4, 33, 13, 37, 3, 6, 24, 6, 33]	[0, 0, 7, 7, 0, 7, 7, 0, 0, 7, 7, 0, 7, 0, 0, 0, 0, 7, 0, 0, 0, 0, 0, 7, 0, 0, 0, 7, 0, 7, 0, 7, 7, 7, 0, 0, 7, 0, 0, 0]
[3, 28, 1, 25, 25, 34, 25, 32, 26, 4, 25, 6, 4, 11, 38, 1, 1, 26, 38, 37, 38, 28, 34, 28, 32, 28, 25, 1, 25, 11, 12, 1, 37, 38, 3, 26, 13, 6, 34, 13, 37, 26, 28, 37, 32, 11, 37, 38, 6, 3, 34, 4, 11, 12, 1, 32, 4, 13, 38, 13, 13, 11, 18, 12, 6, 28, 6, 4, 26, 13, 4, 34, 4, 32, 12, 11, 28, 3, 34, 1, 25, 3, 32, 34, 32, 13, 12, 26, 6, 3, 12, 3, 12, 18, 37, 11, 6, 37, 26, 38]	[7, 0, 7, 7, 0, 7, 0, 0, 0, 0, 7, 7, 7, 0, 0, 0, 0, 7, 0, 0, 0, 0, 0, 0, 7, 7, 0, 7, 0, 0, 0, 7, 0, 7, 0, 0, 7, 7, 0, 0]
[4, 37, 31, 25, 11, 1, 25, 21, 34, 7, 25, 11, 7, 34, 11, 31, 31, 21, 1, 10, 28, 37, 18, 10, 21, 37, 25, 31, 25, 33, 18, 31, 33, 1, 4, 24, 1, 33, 28, 28, 3, 24, 37, 34, 21, 28, 37, 25, 3, 4, 18, 7, 1, 11, 31, 18, 7, 1, 3, 10, 28, 3, 3, 10, 18, 11, 11, 7, 33, 33, 7, 34, 7, 33, 10, 37, 18, 4, 34, 31, 1, 4, 28, 3, 21, 34, 28, 34, 21, 4, 10, 4, 10, 11, 3, 21, 33, 18, 37, 25]	[7, 0, 7, 7, 0, 0, 7, 0, 0, 7, 7, 0, 0, 0, 0, 0, 0, 7, 0, 0, 7, 0, 0, 7, 7, 0, 0, 7, 0, 0, 7, 0, 7, 7, 0, 0, 7, 0, 0, 0]
[3, 25, 1, 7, 7, 30, 10, 28, 37, 4, 28, 32, 4, 38, 38, 1, 1, 30, 37, 11, 38, 11, 28, 10, 38, 10, 7, 1, 7, 36, 32, 1, 28, 28, 3, 30, 13, 30, 25, 13, 37, 36, 10, 25, 35, 36, 11, 7, 36, 3, 32, 4, 36, 11, 1, 25, 4, 13, 37, 7, 13, 38, 30, 11, 32, 10, 32, 4, 37, 13, 4, 38, 4, 28, 25, 25, 10, 3, 36, 1, 10, 3, 13, 38, 35, 13, 32, 36, 28, 3, 11, 3, 11, 30, 37, 30, 25, 32, 37, 7]	[7, 0, 7, 7, 0, 0, 7, 0, 0, 7, 7, 0, 7, 0, 0, 0, 0, 0, 0, 0, 0, 0, 0, 0, 7, 0, 0, 7, 0, 7, 0, 7, 0, 0, 7, 7, 7, 7, 0, 0]
[3, 28, 1, 28, 28, 10, 2, 6, 24, 7, 7, 6, 7, 11, 38, 1, 1, 24, 38, 34, 38, 28, 32, 2, 6, 2, 28, 1, 28, 11, 34, 1, 4, 38, 3, 13, 6, 24, 13, 18, 32, 13, 2, 13, 4, 11, 28, 38, 18, 3, 32, 7, 11, 34, 1, 13, 38, 32, 38, 11, 4, 11, 6, 34, 32, 2, 10, 7, 24, 6, 7, 10, 7, 6, 34, 11, 2, 3, 32, 1, 2, 3, 10, 10, 4, 13, 4, 24, 10, 3, 4, 3, 34, 32, 24, 4, 13, 24, 10, 34]	[7, 7, 7, 7, 0, 7, 7, 0, 0, 7, 7, 0, 7, 0, 0, 0, 0, 7, 0, 0, 0, 0, 0, 7, 0, 0, 0, 7, 0, 0, 0, 7, 0, 7, 0, 0, 0, 6, 0, 0]
[3, 2, 1, 30, 30, 26, 1, 10, 18, 4, 30, 36, 4, 25, 25, 26, 1, 13, 37, 7, 6, 37, 10, 2, 6, 2, 30, 1, 30, 26, 10, 1, 26, 10, 3, 6, 18, 37, 26, 13, 18, 6, 2, 28, 28, 25, 28, 30, 13, 3, 37, 4, 26, 7, 1, 18, 4, 13, 25, 25, 6, 25, 13, 7, 18, 2, 28, 4, 36, 26, 4, 37, 4, 10, 7, 25, 2, 3, 13, 1, 2, 3, 37, 6, 28, 28, 7, 37, 10, 3, 7, 3, 7, 13, 6, 28, 18, 18, 10, 30]	[7, 7, 7, 7, 0, 7, 7, 0, 0, 7, 0, 0, 7, 0, 0, 0, 0, 7, 0, 0, 0, 0, 0, 0, 7, 7, 0, 7, 0, 7, 0, 0, 0, 0, 0, 7, 7, 0, 0, 0]
[8, 33, 1, 4, 28, 6, 2, 37, 30, 7, 4, 33, 7, 11, 25, 1, 1, 30, 6, 32, 28, 11, 25, 2, 6, 2, 4, 1, 4, 11, 32, 1, 37, 11, 8, 30, 3, 33, 28, 28, 30, 21, 2, 11, 37, 28, 11, 4, 3, 8, 25, 7, 3, 32, 1, 25, 7, 30, 30, 4, 25, 33, 3, 32, 33, 2, 28, 7, 3, 6, 7, 6, 7, 3, 32, 37, 2, 8, 6, 1, 2, 8, 28, 30, 37, 11, 25, 6, 33, 8, 32, 8, 32, 3, 21, 37, 33, 25, 37, 4]	[7, 7, 7, 7, 0, 7, 7, 7, 0, 0, 7, 0, 0, 0, 0, 0, 0, 0, 0, 0, 7, 0, 0, 0, 7, 0, 0, 7, 0, 7, 0, 7, 7, 0, 0, 0, 7, 0, 0, 0]
[8, 6, 1, 4, 30, 11, 2, 37, 3, 7, 4, 6, 7, 10, 25, 1, 1, 3, 11, 32, 30, 10, 25, 2, 11, 2, 4, 1, 4, 10, 32, 1, 37, 10, 8, 3, 33, 6, 30, 30, 3, 21, 2, 10, 37, 30, 10, 4, 33, 8, 25, 7, 33, 32, 1, 25, 7, 3, 3, 4, 25, 6, 33, 32, 6, 2, 30, 7, 33, 11, 7, 11, 7, 33, 32, 37, 2, 8, 11, 1, 2, 8, 30, 3, 37, 10, 25, 11, 6, 8, 32, 8, 32, 33, 21, 37, 6, 25, 37, 4]	[7, 7, 7, 7, 0, 7, 7, 7, 0, 7, 7, 0, 0, 0, 0, 0, 0, 0, 0, 0, 7, 0, 0, 0, 7, 0, 0, 0, 0, 7, 0, 7, 7, 0, 0, 0, 7, 0, 0, 0]
