[33, 24, 1, 13, 26, 25, 37, 33, 30, 13, 26, 6, 28, 33, 21, 1, 1, 24, 10, 33, 13, 21, 37, 10, 13, 37, 26, 1, 26, 37, 10, 1, 24, 21, 6, 24, 12, 30, 21, 6, 13, 37, 10, 30, 25, 19, 28, 30, 28, 6, 13, 33, 28, 12, 1, 19, 25, 6, 12, 25, 24, 25, 19, 13, 38, 6, 37, 26, 12, 28, 30, 21, 24, 33, 19, 19, 37, 30, 33, 1, 12, 30, 19, 28, 10, 10, 12, 24, 19, 10, 21, 26, 25, 38, 21, 6, 25, 12, 28, 26]	[10, 0, 0, 0, 0, 6, 0, 0, 0, 6, 0, 6, 6, 0, 0, 0, 0, 0, 10, 0, 6, 0, 0, 6, 6, 10, 0, 10, 0, 6, 0, 0, 6, 0, 0, 0, 10, 10, 0, 0]
[32, 36, 38, 26, 33, 18, 1, 32, 30, 3, 26, 33, 26, 33, 38, 26, 1, 24, 30, 33, 13, 32, 32, 37, 13, 1, 13, 26, 18, 19, 10, 38, 37, 19, 3, 24, 13, 30, 36, 24, 10, 36, 1, 30, 13, 38, 24, 30, 18, 3, 10, 3, 32, 18, 1, 19, 37, 30, 19, 18, 24, 38, 18, 13, 38, 1, 36, 26, 13, 30, 3, 11, 26, 33, 19, 10, 37, 3, 33, 1, 37, 37, 36, 19, 10, 10, 33, 24, 18, 38, 32, 3, 37, 19, 10, 24, 32, 11, 36, 36]	[10, 0, 10, 0, 0, 0, 0, 0, 0, 6, 10, 0, 6, 0, 0, 0, 0, 6, 10, 0, 0, 0, 0, 10, 0, 10, 0, 0, 0, 10, 0, 10, 10, 0, 0, 6, 10, 10, 0, 0]
[32, 36, 38, 28, 33, 18, 1, 32, 30, 3, 28, 33, 28, 33, 38, 28, 1, 24, 30, 33, 13, 32, 32, 37, 13, 1, 13, 28, 18, 19, 10, 38, 37, 19, 3, 24, 13, 30, 36, 24, 10, 36, 1, 30, 13, 38, 24, 30, 18, 3, 10, 3, 32, 18, 1, 19, 37, 30, 19, 18, 24, 38, 18, 13, 38, 1, 36, 28, 13, 30, 3, 11, 28, 33, 19, 10, 37, 3, 33, 1, 37, 37, 36, 19, 10, 10, 33, 24, 18, 38, 32, 3, 37, 19, 10, 24, 32, 11, 36, 36]	[10, 0, 10, 0, 0, 0, 0, 0, 0, 6, 10, 0, 6, 0, 0, 0, 0, 6, 10, 0, 0, 0, 0, 10, 0, 0, 0, 10, 0, 10, 0, 10, 10, 0, 0, 6, 10, 10, 0, 0]
[32, 36, 25, 28, 33, 18, 1, 32, 30, 3, 28, 33, 28, 33, 25, 28, 1, 24, 30, 33, 13, 32, 32, 37, 13, 1, 13, 28, 18, 19, 10, 25, 37, 19, 3, 24, 13, 30, 36, 24, 10, 36, 1, 30, 13, 25, 24, 30, 18, 3, 10, 3, 32, 18, 1, 19, 37, 30, 19, 18, 24, 25, 18, 13, 25, 1, 36, 28, 13, 30, 3, 11, 28, 33, 19, 10, 37, 3, 33, 1, 37, 37, 36, 19, 10, 10, 33, 24, 18, 25, 32, 3, 37, 19, 10, 24, 32, 11, 36, 36]	[10, 0, 10, 0, 0, 0, 0, 0, 0, 6, 10, 0, 6, 0, 0, 0, 0, 6, 10, 0, 0, 0, 0, 10, 10, 0, 0, 10, 0, 10, 0, 10, 10, 0, 0, 6, 10, 0, 0, 0]
[3, 30, 33, 13, 26, 24, 30, 33, 34, 13, 32, 6, 28, 32, 38, 6, 6, 38, 10, 33, 13, 32, 32, 37, 13, 11, 25, 25, 11, 26, 11, 25, 37, 30, 3, 24, 26, 32, 10, 6, 13, 24, 30, 30, 26, 38, 33, 25, 28, 3, 13, 33, 28, 26, 25, 24, 37, 6, 28, 24, 11, 38, 11, 11, 38, 13, 34, 28, 10, 11, 25, 24, 25, 33, 10, 10, 37, 3, 33, 30, 37, 3, 37, 28, 6, 30, 38, 38, 26, 3, 32, 3, 37, 26, 10, 6, 32, 10, 28, 24]	[0, 0, 10, 0, 0, 6, 0, 0, 0, 6, 6, 0, 6, 0, 0, 0, 0, 0, 0, 0, 0, 0, 0, 6, 6, 6, 0, 6, 0, 6, 0, 6, 6, 10, 0, 0, 6, 6, 0, 0]
[3, 18, 25, 13, 13, 18, 36, 28, 30, 25, 13, 6, 25, 11, 38, 25, 21, 35, 30, 38, 35, 21, 37, 37, 36, 11, 13, 13, 13, 18, 10, 13, 37, 21, 3, 36, 11, 30, 21, 6, 10, 34, 10, 30, 35, 38, 38, 30, 28, 3, 34, 25, 28, 35, 36, 36, 37, 30, 28, 21, 10, 38, 11, 11, 10, 6, 18, 25, 28, 11, 30, 18, 25, 6, 35, 35, 37, 3, 18, 6, 37, 3, 36, 28, 10, 10, 38, 38, 35, 3, 21, 3, 37, 36, 21, 6, 11, 18, 28, 6]	[0, 0, 10, 0, 0, 6, 0, 0, 0, 6, 6, 0, 6, 0, 0, 0, 0, 6, 0, 0, 6, 0, 0, 0, 6, 0, 0, 6, 0, 6, 0, 0, 0, 10, 6, 6, 6, 6, 0, 0]
[3, 37, 1, 7, 7, 12, 28, 13, 30, 28, 13, 12, 7, 11, 38, 1, 1, 37, 10, 33, 25, 13, 13, 10, 6, 11, 7, 1, 7, 37, 33, 1, 37, 25, 3, 37, 11, 30, 30, 12, 10, 37, 10, 30, 30, 38, 38, 7, 6, 3, 35, 28, 13, 33, 1, 6, 7, 11, 12, 33, 11, 38, 11, 33, 10, 25, 25, 28, 12, 11, 28, 25, 28, 6, 25, 30, 38, 3, 12, 1, 28, 3, 37, 6, 10, 10, 38, 38, 6, 3, 13, 3, 33, 6, 35, 30, 13, 12, 25, 33]	[10, 0, 10, 0, 0, 6, 10, 0, 0, 6, 6, 6, 10, 0, 0, 0, 0, 0, 0, 0, 0, 0, 0, 0, 6, 0, 0, 10, 0, 6, 0, 0, 6, 0, 6, 0, 6, 6, 0, 0]
[4, 28, 1, 13, 13, 3, 13, 34, 34, 38, 7, 6, 7, 11, 30, 1, 1, 3, 12, 37, 38, 28, 19, 12, 38, 11, 13, 1, 13, 30, 12, 1, 37, 28, 4, 26, 11, 30, 34, 6, 38, 34, 12, 30, 3, 26, 28, 13, 3, 4, 38, 7, 6, 37, 1, 26, 7, 11, 3, 28, 12, 34, 11, 38, 6, 38, 30, 7, 26, 11, 7, 30, 7, 34, 37, 26, 28, 4, 3, 1, 28, 4, 3, 6, 12, 12, 37, 30, 26, 4, 37, 4, 37, 6, 26, 6, 11, 19, 34, 13]	[10, 0, 10, 10, 0, 6, 10, 0, 0, 0, 6, 10, 10, 0, 0, 0, 0, 0, 10, 0, 0, 0, 0, 0, 0, 6, 0, 6, 0, 6, 0, 0, 0, 10, 0, 0, 10, 10, 0, 0]
[30, 10, 20, 22, 22, 25, 10, 13, 25, 3, 3, 6, 38, 37, 12, 20, 20, 13, 38, 37, 11, 10, 12, 38, 13, 10, 22, 20, 22, 37, 38, 20, 6, 37, 30, 36, 13, 25, 1, 6, 18, 12, 38, 37, 11, 36, 37, 22, 25, 30, 13, 3, 6, 37, 20, 13, 3, 6, 36, 22, 18, 25, 18, 11, 36, 10, 12, 3, 13, 36, 3, 12, 3, 6, 11, 11, 10, 30, 18, 20, 10, 30, 36, 18, 38, 38, 11, 18, 18, 30, 11, 30, 25, 36, 12, 6, 1, 12, 25, 22]	[10, 0, 10, 0, 0, 6, 0, 0, 0, 10, 6, 6, 6, 0, 0, 0, 0, 6, 0, 10, 0, 10, 0, 0, 6, 0, 0, 0, 0, 10, 0, 0, 0, 0, 0, 6, 10, 10, 0, 0]
[3, 18, 1, 13, 34, 32, 18, 6, 32, 8, 34, 6, 8, 33, 2, 1, 1, 6, 2, 22, 13, 18, 2, 18, 13, 11, 34, 1, 11, 33, 11, 1, 22, 33, 3, 7, 15, 32, 2, 4, 13, 4, 18, 33, 13, 6, 33, 34, 32, 3, 13, 8, 32, 34, 1, 7, 8, 4, 7, 34, 11, 4, 11, 11, 7, 13, 2, 8, 7, 11, 8, 33, 8, 15, 22, 22, 18, 3, 2, 1, 18, 3, 7, 4, 6, 32, 22, 33, 6, 3, 22, 3, 22, 7, 4, 6, 2, 4, 32, 34]	[10, 10, 10, 10, 0, 10, 10, 10, 0, 0, 10, 0, 10, 0, 10, 0, 0, 10, 0, 0, 0, 10, 0, 0, 0, 0, 0, 0, 0, 0, 0, 10, 10, 9, 0, 0, 0, 0, 0, 0]
[3, 37, 1, 25, 25, 34, 25, 12, 38, 4, 25, 6, 4, 28, 34, 1, 1, 18, 38, 10, 13, 28, 34, 37, 13, 37, 25, 1, 25, 28, 10, 1, 6, 28, 3, 32, 13, 38, 12, 6, 13, 32, 37, 38, 13, 18, 28, 38, 32, 3, 13, 4, 12, 10, 1, 18, 4, 38, 12, 10, 18, 12, 18, 13, 6, 37, 34, 4, 26, 38, 4, 34, 4, 6, 10, 32, 37, 3, 34, 1, 37, 3, 18, 32, 6, 28, 12, 28, 18, 3, 10, 3, 10, 32, 32, 6, 34, 12, 26, 25]	[10, 0, 10, 10, 0, 6, 0, 0, 0, 6, 0, 6, 6, 0, 0, 0, 0, 6, 0, 0, 0, 0, 0, 0, 6, 6, 0, 6, 0, 0, 0, 6, 0, 10, 0, 0, 10, 10, 0, 0]
[7, 11, 1, 4, 4, 32, 33, 18, 25, 3, 3, 28, 28, 11, 32, 1, 1, 26, 10, 33, 30, 11, 10, 10, 30, 11, 4, 1, 4, 26, 33, 1, 18, 11, 7, 32, 30, 32, 25, 28, 30, 34, 10, 26, 30, 34, 11, 4, 32, 7, 30, 3, 32, 33, 1, 34, 3, 28, 26, 4, 10, 25, 25, 30, 10, 28, 38, 3, 25, 34, 3, 26, 3, 34, 33, 18, 11, 7, 34, 1, 33, 7, 26, 26, 28, 10, 18, 34, 18, 7, 18, 7, 33, 25, 25, 28, 32, 38, 18, 4]	[10, 0, 10, 10, 0, 0, 10, 0, 0, 6, 10, 0, 0, 0, 0, 0, 0, 6, 0, 0, 0, 0, 0, 0, 6, 6, 0, 10, 0, 10, 0, 6, 6, 10, 0, 0, 0, 6, 0, 0]
[4, 10, 1, 30, 30, 25, 10, 13, 25, 7, 30, 13, 7, 13, 32, 1, 1, 24, 32, 13, 24, 33, 32, 10, 34, 28, 30, 1, 28, 33, 28, 1, 8, 33, 4, 18, 34, 25, 3, 3, 18, 3, 10, 33, 8, 24, 13, 30, 25, 4, 32, 7, 25, 33, 1, 24, 7, 18, 3, 30, 28, 18, 28, 28, 3, 10, 32, 7, 24, 28, 7, 32, 7, 13, 8, 8, 10, 4, 13, 1, 10, 4, 18, 18, 8, 33, 8, 33, 24, 4, 8, 4, 25, 3, 3, 24, 32, 18, 25, 30]	[10, 0, 10, 10, 0, 0, 10, 10, 0, 10, 0, 0, 10, 0, 0, 0, 0, 6, 0, 0, 0, 0, 0, 10, 10, 0, 0, 10, 0, 10, 0, 6, 10, 10, 0, 0, 0, 0, 0, 0]
[4, 11, 1, 8, 8, 25, 13, 33, 6, 7, 8, 33, 7, 33, 28, 1, 1, 36, 6, 28, 3, 11, 37, 37, 18, 13, 8, 1, 8, 11, 13, 1, 37, 11, 4, 18, 18, 6, 25, 32, 32, 25, 13, 6, 3, 28, 28, 8, 18, 4, 25, 7, 36, 13, 1, 36, 7, 6, 18, 13, 3, 28, 18, 11, 28, 13, 25, 7, 36, 6, 7, 11, 7, 33, 3, 6, 37, 4, 33, 1, 37, 4, 36, 25, 3, 11, 33, 28, 36, 4, 3, 4, 37, 18, 25, 36, 37, 33, 3, 8]	[10, 0, 10, 10, 0, 10, 10, 10, 0, 0, 10, 0, 6, 0, 0, 0, 0, 6, 0, 0, 0, 0, 0, 0, 10, 0, 0, 10, 0, 0, 0, 6, 6, 0, 0, 6, 10, 0, 0, 0]
[4, 10, 1, 8, 8, 28, 2, 26, 11, 7, 8, 6, 7, 10, 38, 1, 1, 26, 38, 9, 3, 10, 38, 2, 3, 2, 8, 1, 8, 38, 9, 1, 6, 10, 4, 26, 3, 11, 37, 6, 37, 26, 2, 10, 11, 26, 10, 8, 11, 4, 38, 7, 6, 28, 1, 3, 7, 6, 19, 28, 3, 11, 28, 9, 37, 2, 38, 7, 26, 3, 7, 38, 7, 3, 9, 9, 2, 4, 37, 1, 2, 4, 26, 37, 6, 10, 9, 28, 28, 4, 9, 4, 28, 19, 37, 6, 11, 37, 11, 8]	[10, 10, 10, 10, 0, 10, 10, 10, 10, 10, 10, 0, 0, 0, 0, 0, 0, 0, 10, 0, 0, 0, 0, 0, 0, 10, 0, 10, 0, 0, 0, 0, 0, 0, 0, 0, 10, 10, 0, 0]
[4, 37, 1, 8, 8, 30, 2, 28, 11, 7, 8, 10, 7, 37, 6, 1, 1, 28, 6, 38, 3, 37, 6, 2, 3, 2, 8, 1, 8, 6, 38, 1, 10, 37, 4, 28, 3, 11, 26, 10, 26, 28, 2, 37, 11, 28, 37, 8, 11, 4, 6, 7, 10, 30, 1, 3, 7, 10, 19, 30, 3, 11, 30, 38, 26, 2, 6, 7, 28, 3, 7, 6, 7, 3, 38, 38, 2, 4, 26, 1, 2, 4, 28, 26, 10, 37, 38, 30, 30, 4, 38, 4, 30, 19, 26, 10, 11, 26, 11, 8]	[10, 10, 10, 10, 0, 10, 10, 10, 0, 10, 10, 0, 0, 0, 0, 0, 0, 0, 10, 0, 0, 0, 0, 0, 0, 10, 0, 10, 0, 10, 0, 0, 0, 0, 0, 0, 10, 10, 0, 0]
[4, 26, 1, 8, 8, 28, 2, 6, 11, 7, 8, 10, 7, 26, 38, 1, 1, 6, 38, 9, 3, 26, 38, 2, 3, 2, 8, 1, 8, 38, 9, 1, 10, 26, 4, 6, 3, 11, 37, 10, 37, 6, 2, 26, 11, 6, 26, 8, 11, 4, 38, 7, 10, 28, 1, 3, 7, 10, 19, 28, 3, 11, 28, 9, 37, 2, 38, 7, 6, 3, 7, 38, 7, 3, 9, 9, 2, 4, 37, 1, 2, 4, 6, 37, 10, 26, 9, 28, 28, 4, 9, 4, 28, 19, 37, 10, 11, 37, 11, 8]	[10, 10, 10, 10, 0, 10, 10, 10, 10, 10, 10, 0, 0, 0, 0, 0, 0, 0, 10, 0, 0, 0, 0, 0, 0, 10, 0, 10, 0, 0, 0, 0, 0, 0, 0, 0, 10, 10, 0, 0]
[4, 26, 1, 8, 8, 28, 2, 11, 25, 7, 8, 10, 7, 26, 6, 1, 1, 11, 6, 38, 3, 26, 6, 2, 3, 2, 8, 1, 8, 6, 38, 1, 10, 26, 4, 11, 3, 25, 37, 10, 37, 11, 2, 26, 25, 11, 26, 8, 25, 4, 6, 7, 10, 28, 1, 3, 7, 10, 19, 28, 3, 25, 28, 38, 37, 2, 6, 7, 11, 3, 7, 6, 7, 3, 38, 38, 2, 4, 37, 1, 2, 4, 11, 37, 10, 26, 38, 28, 28, 4, 38, 4, 28, 19, 37, 10, 25, 37, 25, 8]	[10, 10, 10, 10, 0, 10, 10, 10, 0, 10, 10, 0, 0, 0, 0, 0, 0, 0, 10, 0, 0, 0, 0, 0, 10, 10, 0, 10, 0, 0, 0, 0, 0, 0, 0, 0, 10, 10, 0, 0]
