[15, 4, 8, 16, 16, 4, 3, 3, 9, 3, 10, 9, 16, 16, 3, 15, 9, 10, 8, 8, 10, 9, 8, 4, 9, 4, 10, 4, 16, 10, 3, 10, 8, 15, 3, 6, 16, 3, 15, 9, 8, 10, 15, 8, 4, 4, 9, 15, 15, 16]	[0, 0, 4, 4, 0, 4, 0, 4, 4, 4, 0, 0, 0, 0, 4, 4]
[15, 3, 10, 16, 3, 7, 10, 7, 13, 6, 13, 3, 16, 16, 3, 15, 7, 6, 13, 7, 6, 7, 16, 3, 9, 13, 13, 6, 16, 10, 3, 10, 10, 15, 13, 6, 16, 3, 15, 10, 15, 7, 15, 6, 7, 13, 10, 6, 15, 16]	[0, 0, 1, 0, 0, 4, 4, 0, 4, 4, 0, 0, 4, 0, 4, 4]
[15, 4, 5, 11, 4, 4, 16, 5, 9, 5, 16, 9, 16, 2, 11, 15, 9, 16, 4, 2, 11, 9, 2, 4, 2, 4, 2, 11, 16, 2, 5, 16, 9, 15, 2, 5, 11, 5, 15, 9, 9, 11, 15, 11, 5, 4, 8, 15, 15, 16]	[0, 1, 0, 4, 4, 0, 0, 4, 4, 0, 4, 0, 0, 0, 4, 4]
[15, 3, 10, 16, 3, 4, 10, 4, 13, 6, 13, 3, 16, 16, 3, 15, 4, 6, 13, 4, 6, 4, 16, 3, 9, 13, 13, 6, 16, 10, 3, 10, 10, 15, 13, 6, 16, 3, 15, 10, 15, 4, 15, 6, 4, 13, 10, 6, 15, 16]	[0, 0, 1, 4, 0, 4, 0, 0, 4, 4, 0, 0, 4, 0, 4, 4]
[15, 4, 11, 16, 4, 4, 3, 3, 13, 11, 11, 11, 16, 16, 3, 15, 13, 2, 16, 11, 3, 8, 16, 4, 2, 4, 13, 13, 16, 2, 2, 2, 2, 15, 11, 3, 16, 3, 15, 13, 15, 11, 15, 3, 4, 13, 4, 2, 15, 13]	[0, 1, 1, 4, 0, 0, 0, 4, 0, 0, 4, 0, 2, 0, 4, 4]
[15, 4, 7, 11, 15, 4, 9, 7, 2, 9, 2, 2, 16, 16, 7, 15, 7, 16, 15, 2, 11, 6, 11, 4, 9, 4, 2, 4, 16, 7, 9, 9, 11, 11, 2, 9, 16, 9, 11, 7, 11, 2, 15, 16, 4, 4, 7, 15, 15, 16]	[0, 4, 0, 4, 0, 4, 4, 0, 4, 0, 4, 0, 0, 0, 4, 4]
[4, 4, 11, 16, 4, 4, 16, 5, 13, 15, 15, 11, 16, 2, 11, 5, 13, 16, 4, 2, 11, 5, 2, 4, 2, 15, 13, 13, 16, 2, 5, 5, 2, 11, 15, 5, 16, 5, 2, 13, 11, 15, 4, 16, 15, 13, 8, 15, 11, 13]	[0, 1, 0, 4, 4, 0, 0, 4, 0, 0, 4, 0, 2, 0, 4, 4]
[4, 4, 5, 11, 16, 4, 3, 3, 5, 15, 15, 3, 16, 16, 3, 5, 2, 5, 16, 2, 11, 5, 11, 4, 2, 4, 2, 2, 16, 2, 3, 5, 11, 11, 2, 5, 16, 15, 11, 3, 11, 15, 4, 15, 15, 4, 8, 15, 3, 16]	[0, 1, 4, 4, 4, 0, 0, 4, 0, 0, 4, 0, 0, 0, 4, 4]
[15, 4, 11, 2, 4, 4, 16, 5, 16, 11, 1, 11, 16, 4, 11, 15, 2, 16, 4, 2, 11, 5, 2, 4, 2, 1, 1, 5, 16, 2, 5, 11, 2, 15, 1, 5, 16, 5, 15, 5, 15, 1, 15, 16, 1, 1, 11, 8, 15, 4]	[4, 1, 0, 4, 4, 0, 0, 4, 0, 0, 4, 0, 0, 0, 4, 4]
[15, 9, 11, 6, 11, 6, 16, 7, 11, 6, 13, 11, 16, 16, 9, 15, 7, 16, 11, 11, 7, 9, 11, 7, 9, 13, 13, 7, 16, 7, 7, 9, 8, 15, 13, 6, 16, 6, 15, 9, 15, 13, 15, 6, 13, 13, 9, 6, 15, 16]	[0, 0, 0, 0, 0, 4, 4, 4, 4, 0, 4, 0, 4, 0, 4, 4]
[3, 2, 4, 6, 4, 6, 10, 4, 4, 6, 13, 4, 10, 2, 8, 3, 2, 5, 4, 2, 4, 10, 2, 5, 5, 13, 13, 5, 5, 5, 6, 10, 2, 3, 13, 6, 10, 6, 2, 5, 3, 13, 3, 6, 13, 13, 10, 3, 3, 10]	[0, 4, 1, 4, 4, 4, 0, 4, 0, 4, 0, 0, 4, 0, 0, 0]
[4, 4, 5, 6, 4, 6, 3, 5, 4, 6, 1, 5, 16, 16, 11, 3, 3, 5, 16, 5, 11, 3, 16, 4, 10, 1, 1, 4, 16, 5, 5, 3, 11, 11, 1, 6, 16, 6, 11, 3, 11, 1, 4, 6, 1, 1, 3, 6, 11, 16]	[4, 0, 4, 4, 4, 4, 0, 0, 0, 4, 4, 0, 0, 0, 0, 4]
[4, 4, 5, 6, 4, 6, 3, 5, 16, 6, 1, 16, 3, 11, 11, 3, 5, 5, 4, 16, 11, 3, 16, 4, 9, 1, 1, 5, 5, 5, 16, 3, 11, 11, 1, 6, 16, 6, 16, 3, 11, 1, 4, 6, 1, 1, 3, 6, 11, 4]	[4, 0, 4, 4, 4, 4, 0, 0, 4, 0, 4, 0, 0, 0, 0, 4]
[4, 4, 2, 11, 4, 11, 15, 2, 4, 11, 1, 2, 16, 16, 3, 15, 2, 2, 16, 2, 3, 5, 16, 4, 15, 1, 1, 4, 16, 2, 15, 15, 3, 3, 1, 11, 16, 11, 3, 15, 3, 1, 4, 11, 1, 1, 15, 11, 3, 16]	[4, 4, 1, 4, 4, 0, 0, 0, 0, 0, 4, 0, 0, 0, 4, 4]
[11, 9, 4, 15, 4, 6, 2, 2, 4, 6, 1, 4, 15, 15, 2, 11, 2, 5, 4, 4, 4, 5, 15, 5, 5, 1, 1, 2, 15, 5, 6, 5, 2, 11, 1, 6, 15, 6, 11, 2, 11, 1, 11, 6, 1, 1, 5, 6, 11, 15]	[4, 4, 0, 4, 4, 4, 0, 0, 4, 0, 4, 0, 0, 0, 4, 0]
[3, 4, 2, 12, 2, 12, 11, 5, 2, 12, 13, 2, 11, 11, 4, 3, 5, 11, 2, 2, 5, 4, 2, 5, 4, 13, 13, 5, 11, 5, 5, 4, 16, 3, 13, 12, 11, 12, 3, 4, 3, 13, 3, 12, 13, 13, 4, 12, 3, 11]	[0, 4, 1, 4, 4, 0, 0, 0, 0, 0, 4, 4, 4, 0, 0, 4]
