[35, 8, 40, 37, 34, 4, 18, 9, 4, 11, 36, 11, 34, 11, 8, 19, 37, 38, 36, 14, 35, 38, 40, 39, 19, 9, 38, 39, 9, 4, 38, 18, 8, 36, 14, 4, 14, 8, 39, 35, 14, 11, 40, 37, 4, 40, 8, 40, 36, 35, 34, 37, 34, 40, 36, 37, 36, 38, 34, 19, 9, 9, 38, 14, 8, 39, 34, 8, 18, 11, 9, 37, 35, 34, 38, 36, 4, 5, 19, 11, 18, 4, 18, 11, 18, 14, 39, 35, 39, 35, 19, 19, 39, 14, 5, 37, 18, 19, 40, 9]	[0, 0, 0, 5, 5, 0, 0, 5, 5, 0, 5, 0, 0, 5, 0, 0, 0, 5, 5, 0, 0, 0, 0, 0, 0, 0, 0, 0, 0, 0, 0, 0, 0, 5, 5, 5, 5, 5, 5, 5]
[24, 34, 39, 39, 12, 1, 31, 4, 4, 12, 36, 24, 14, 34, 31, 18, 18, 34, 36, 1, 5, 20, 17, 15, 39, 1, 20, 31, 3, 3, 20, 18, 15, 36, 3, 31, 14, 15, 20, 24, 14, 1, 5, 3, 34, 5, 31, 15, 36, 39, 24, 17, 17, 20, 36, 18, 36, 31, 17, 31, 24, 17, 17, 14, 24, 15, 12, 34, 1, 15, 12, 12, 14, 39, 5, 36, 39, 5, 12, 14, 18, 12, 1, 3, 39, 14, 15, 18, 5, 34, 1, 34, 17, 3, 24, 5, 3, 20, 18, 20]	[5, 0, 5, 5, 5, 0, 0, 0, 0, 0, 0, 5, 0, 5, 5, 0, 5, 5, 0, 5, 0, 0, 0, 5, 0, 0, 0, 0, 0, 0, 5, 0, 0, 5, 0, 5, 0, 0, 5, 0]
[24, 34, 39, 39, 12, 1, 31, 4, 4, 12, 36, 24, 14, 34, 31, 18, 18, 34, 36, 1, 5, 20, 28, 15, 39, 1, 20, 31, 3, 3, 20, 18, 15, 36, 3, 31, 14, 15, 20, 24, 14, 1, 5, 3, 34, 5, 31, 15, 36, 39, 24, 28, 28, 20, 36, 18, 36, 31, 28, 31, 24, 28, 28, 14, 24, 15, 12, 34, 1, 15, 12, 12, 14, 39, 5, 36, 39, 5, 12, 14, 18, 12, 1, 3, 39, 14, 15, 18, 5, 34, 1, 34, 28, 3, 24, 5, 3, 20, 18, 20]	[5, 0, 5, 5, 5, 0, 0, 0, 0, 0, 0, 5, 0, 5, 5, 0, 0, 5, 0, 5, 0, 0, 0, 5, 0, 0, 0, 5, 0, 0, 5, 0, 0, 5, 0, 5, 0, 0, 5, 0]
[24, 34, 39, 39, 12, 1, 31, 4, 4, 12, 36, 24, 14, 34, 31, 18, 18, 34, 36, 1, 5, 20, 16, 15, 39, 1, 20, 31, 3, 3, 20, 18, 15, 36, 3, 31, 14, 15, 20, 24, 14, 1, 5, 3, 34, 5, 31, 15, 36, 39, 24, 16, 16, 20, 36, 18, 36, 31, 16, 31, 24, 16, 16, 14, 24, 15, 12, 34, 1, 15, 12, 12, 14, 39, 5, 36, 39, 5, 12, 14, 18, 12, 1, 3, 39, 14, 15, 18, 5, 34, 1, 34, 16, 3, 24, 5, 3, 20, 18, 20]	[5, 0, 5, 5, 5, 0, 0, 0, 0, 0, 0, 5, 0, 5, 5, 5, 0, 5, 0, 5, 0, 0, 0, 5, 0, 0, 0, 0, 0, 0, 5, 0, 0, 5, 0, 5, 0, 0, 5, 0]
[24, 34, 39, 39, 12, 1, 11, 4, 4, 12, 36, 24, 14, 34, 11, 18, 18, 34, 36, 1, 5, 20, 16, 15, 39, 1, 20, 11, 3, 3, 20, 18, 15, 36, 3, 11, 14, 15, 20, 24, 14, 1, 5, 3, 34, 5, 11, 15, 36, 39, 24, 16, 16, 20, 36, 18, 36, 11, 16, 11, 24, 16, 16, 14, 24, 15, 12, 34, 1, 15, 12, 12, 14, 39, 5, 36, 39, 5, 12, 14, 18, 12, 1, 3, 39, 14, 15, 18, 5, 34, 1, 34, 16, 3, 24, 5, 3, 20, 18, 20]	[5, 0, 5, 5, 5, 0, 0, 0, 0, 0, 5, 5, 0, 5, 5, 5, 0, 5, 0, 5, 0, 0, 0, 5, 0, 0, 0, 0, 0, 0, 0, 0, 0, 5, 0, 5, 0, 0, 5, 0]
[24, 34, 39, 39, 12, 1, 9, 6, 6, 12, 36, 24, 14, 34, 9, 18, 18, 34, 36, 1, 5, 20, 8, 28, 39, 1, 20, 9, 3, 3, 20, 18, 28, 36, 3, 9, 14, 28, 20, 24, 14, 1, 5, 3, 34, 5, 9, 28, 36, 39, 24, 8, 8, 20, 36, 18, 36, 9, 8, 9, 24, 8, 8, 14, 24, 28, 12, 34, 1, 28, 12, 12, 14, 39, 5, 36, 39, 5, 12, 14, 18, 12, 1, 3, 39, 14, 28, 18, 5, 34, 1, 34, 8, 3, 24, 5, 3, 20, 18, 20]	[5, 0, 5, 0, 5, 5, 0, 5, 5, 0, 0, 5, 0, 5, 0, 0, 0, 5, 0, 5, 0, 0, 0, 5, 0, 0, 0, 5, 0, 0, 0, 0, 0, 5, 0, 5, 0, 0, 5, 0]
[9, 24, 39, 39, 18, 5, 28, 9, 33, 12, 17, 7, 36, 36, 20, 33, 18, 28, 17, 1, 17, 12, 33, 33, 39, 9, 24, 24, 3, 3, 20, 18, 7, 36, 17, 1, 20, 28, 7, 9, 20, 1, 36, 3, 31, 36, 20, 7, 24, 39, 1, 20, 28, 39, 36, 18, 24, 28, 28, 31, 24, 9, 5, 20, 33, 28, 12, 1, 7, 33, 9, 12, 7, 39, 5, 17, 39, 5, 12, 5, 5, 12, 18, 3, 18, 36, 17, 18, 5, 1, 1, 12, 7, 3, 17, 3, 3, 24, 33, 9]	[5, 0, 5, 0, 5, 0, 5, 0, 5, 0, 0, 5, 0, 0, 0, 0, 5, 5, 0, 5, 0, 0, 0, 5, 0, 0, 0, 5, 0, 0, 5, 0, 5, 0, 0, 5, 0, 0, 5, 0]
[9, 24, 39, 39, 18, 5, 2, 9, 33, 12, 4, 7, 36, 36, 20, 33, 18, 2, 4, 1, 4, 12, 33, 33, 39, 9, 24, 24, 34, 34, 20, 18, 7, 36, 4, 1, 20, 2, 7, 9, 20, 1, 36, 34, 23, 36, 20, 7, 24, 39, 1, 20, 2, 39, 36, 18, 24, 2, 2, 23, 24, 9, 5, 20, 33, 2, 12, 1, 7, 33, 9, 12, 7, 39, 5, 4, 39, 5, 12, 5, 5, 12, 18, 34, 18, 36, 4, 18, 5, 1, 1, 12, 7, 34, 4, 34, 34, 24, 33, 9]	[5, 5, 0, 5, 5, 0, 5, 0, 5, 0, 0, 5, 0, 0, 0, 0, 0, 5, 0, 5, 0, 0, 5, 5, 0, 0, 0, 0, 0, 0, 0, 0, 5, 5, 0, 5, 0, 0, 5, 0]
[16, 20, 39, 4, 12, 4, 1, 14, 16, 12, 5, 24, 36, 3, 36, 16, 5, 30, 5, 20, 20, 3, 1, 16, 39, 30, 20, 36, 4, 3, 20, 18, 14, 36, 18, 30, 1, 16, 4, 21, 1, 1, 36, 18, 28, 36, 21, 14, 12, 39, 1, 20, 5, 39, 24, 18, 24, 30, 5, 21, 24, 5, 39, 14, 24, 30, 12, 21, 4, 21, 12, 12, 14, 39, 21, 18, 39, 20, 12, 14, 14, 24, 16, 3, 18, 36, 5, 18, 21, 28, 16, 30, 1, 3, 24, 3, 3, 4, 30, 4]	[5, 0, 5, 5, 5, 0, 0, 0, 0, 0, 0, 5, 0, 5, 0, 5, 0, 5, 0, 5, 5, 0, 0, 5, 0, 0, 0, 5, 0, 5, 0, 0, 0, 0, 0, 5, 0, 0, 5, 0]
[27, 12, 24, 39, 18, 5, 12, 14, 28, 12, 4, 24, 36, 36, 36, 18, 18, 28, 4, 12, 4, 3, 2, 9, 39, 27, 1, 12, 3, 39, 20, 36, 14, 1, 4, 9, 14, 27, 12, 24, 20, 27, 36, 3, 9, 36, 20, 27, 1, 39, 24, 20, 2, 20, 1, 18, 1, 2, 2, 9, 24, 1, 5, 14, 24, 2, 9, 27, 14, 2, 2, 9, 14, 39, 5, 4, 39, 5, 12, 5, 5, 24, 18, 3, 39, 36, 4, 18, 5, 20, 9, 27, 14, 3, 4, 3, 3, 1, 18, 20]	[5, 5, 5, 5, 5, 0, 0, 0, 5, 0, 0, 5, 0, 5, 0, 0, 0, 5, 0, 5, 0, 0, 0, 5, 0, 0, 5, 5, 0, 0, 0, 0, 0, 0, 0, 5, 0, 0, 5, 0]
[27, 1, 21, 5, 12, 3, 27, 27, 7, 12, 39, 16, 2, 36, 36, 18, 2, 31, 39, 1, 39, 20, 7, 16, 36, 3, 1, 1, 3, 7, 20, 36, 16, 2, 39, 14, 14, 27, 1, 20, 20, 3, 36, 18, 7, 5, 14, 27, 12, 14, 16, 20, 16, 20, 2, 36, 2, 14, 21, 21, 1, 2, 7, 18, 31, 21, 12, 27, 3, 21, 12, 16, 7, 2, 5, 39, 7, 5, 12, 16, 18, 12, 3, 21, 18, 36, 39, 18, 5, 14, 14, 27, 21, 5, 39, 3, 5, 1, 18, 20]	[5, 5, 5, 0, 5, 0, 5, 0, 0, 0, 0, 5, 0, 5, 0, 5, 0, 5, 0, 5, 5, 0, 0, 0, 0, 0, 5, 0, 0, 0, 5, 0, 0, 0, 0, 5, 0, 0, 5, 0]
[24, 1, 24, 24, 6, 27, 1, 14, 2, 3, 5, 24, 6, 39, 36, 16, 5, 14, 5, 1, 18, 20, 1, 22, 36, 2, 18, 1, 3, 3, 12, 36, 22, 6, 18, 22, 2, 12, 20, 39, 16, 12, 36, 20, 39, 36, 2, 16, 6, 27, 18, 1, 18, 20, 6, 36, 6, 2, 18, 24, 39, 6, 2, 16, 24, 16, 5, 16, 27, 27, 12, 12, 22, 5, 39, 5, 27, 20, 12, 16, 39, 24, 27, 3, 39, 36, 5, 2, 27, 22, 22, 12, 1, 3, 18, 3, 3, 20, 22, 20]	[5, 5, 5, 0, 5, 5, 0, 0, 0, 0, 0, 5, 0, 5, 0, 5, 0, 5, 0, 5, 0, 5, 0, 5, 0, 0, 5, 0, 0, 0, 0, 0, 0, 0, 0, 5, 0, 0, 5, 0]
[23, 1, 39, 39, 18, 7, 12, 28, 28, 12, 4, 12, 18, 2, 34, 2, 18, 3, 4, 36, 4, 20, 36, 12, 39, 2, 1, 1, 7, 39, 20, 3, 28, 1, 4, 12, 3, 2, 20, 28, 36, 7, 36, 20, 34, 5, 23, 28, 7, 39, 36, 20, 18, 20, 1, 23, 7, 23, 36, 34, 1, 18, 3, 3, 28, 28, 18, 2, 34, 34, 2, 14, 14, 18, 5, 4, 39, 5, 12, 3, 12, 5, 7, 2, 39, 3, 4, 23, 5, 34, 34, 23, 36, 5, 4, 7, 5, 1, 23, 20]	[5, 5, 5, 5, 5, 0, 5, 0, 0, 0, 0, 5, 0, 5, 0, 0, 0, 5, 0, 5, 0, 0, 5, 0, 0, 0, 0, 5, 0, 0, 0, 0, 0, 5, 0, 5, 0, 0, 5, 0]
[14, 3, 24, 30, 2, 39, 28, 28, 7, 12, 4, 7, 2, 36, 36, 14, 18, 1, 4, 1, 4, 20, 18, 28, 36, 39, 20, 3, 39, 24, 1, 36, 7, 2, 4, 1, 3, 28, 20, 28, 3, 39, 36, 20, 28, 30, 14, 7, 2, 24, 18, 18, 18, 24, 2, 36, 2, 28, 18, 14, 20, 2, 3, 3, 27, 1, 12, 27, 39, 7, 12, 12, 7, 24, 30, 4, 24, 30, 12, 3, 1, 12, 39, 14, 24, 36, 4, 7, 30, 14, 14, 12, 18, 30, 4, 39, 30, 20, 1, 20]	[5, 5, 5, 5, 0, 0, 5, 0, 0, 0, 0, 5, 0, 5, 0, 0, 0, 5, 0, 5, 0, 0, 0, 5, 0, 0, 5, 5, 0, 5, 0, 0, 0, 0, 0, 5, 0, 0, 5, 0]
[12, 5, 24, 24, 2, 7, 3, 18, 3, 18, 4, 24, 2, 27, 12, 27, 20, 5, 4, 5, 4, 12, 1, 28, 30, 27, 20, 20, 7, 3, 5, 18, 18, 2, 4, 9, 1, 12, 5, 24, 1, 7, 18, 3, 28, 18, 31, 3, 7, 27, 20, 1, 20, 30, 2, 27, 7, 30, 20, 9, 24, 2, 1, 1, 24, 30, 2, 27, 28, 28, 12, 12, 9, 2, 30, 4, 28, 28, 18, 5, 3, 24, 7, 28, 30, 5, 4, 27, 31, 9, 9, 12, 1, 3, 4, 7, 9, 20, 30, 9]	[5, 5, 5, 5, 5, 0, 5, 0, 5, 0, 0, 5, 0, 0, 0, 0, 0, 5, 0, 5, 0, 0, 0, 5, 0, 0, 5, 5, 0, 5, 5, 0, 0, 0, 0, 0, 0, 0, 0, 0]
[34, 20, 2, 34, 6, 24, 5, 9, 2, 5, 17, 5, 6, 36, 36, 18, 12, 20, 17, 20, 28, 28, 7, 24, 36, 9, 28, 20, 9, 5, 2, 36, 2, 6, 17, 5, 7, 1, 28, 34, 7, 5, 20, 28, 34, 36, 9, 9, 6, 1, 12, 7, 12, 28, 6, 36, 6, 2, 12, 1, 20, 6, 7, 7, 39, 2, 12, 34, 18, 1, 9, 24, 24, 12, 34, 17, 1, 1, 5, 7, 18, 2, 18, 34, 18, 20, 17, 18, 1, 24, 24, 9, 12, 36, 17, 39, 24, 17, 18, 28]	[5, 5, 0, 0, 5, 5, 5, 0, 5, 0, 0, 5, 0, 0, 0, 0, 5, 5, 0, 5, 0, 0, 0, 5, 0, 0, 0, 5, 0, 0, 0, 0, 0, 5, 0, 5, 0, 0, 5, 0]
[34, 20, 2, 34, 6, 24, 5, 9, 2, 5, 17, 5, 6, 36, 36, 18, 12, 20, 17, 20, 28, 28, 7, 24, 36, 9, 28, 20, 9, 5, 2, 36, 2, 6, 17, 5, 7, 1, 28, 34, 7, 5, 20, 28, 34, 36, 9, 9, 6, 1, 12, 7, 12, 28, 6, 36, 6, 2, 12, 1, 20, 6, 7, 7, 39, 2, 12, 34, 18, 1, 9, 24, 24, 12, 34, 17, 1, 1, 5, 7, 18, 2, 18, 34, 18, 20, 17, 18, 1, 24, 24, 9, 12, 36, 17, 39, 24, 17, 18, 28]	[5, 5, 0, 0, 5, 5, 5, 0, 5, 0, 0, 5, 0, 0, 0, 0, 5, 5, 0, 5, 0, 0, 0, 5, 0, 0, 0, 5, 0, 0, 0, 0, 0, 5, 0, 5, 0, 0, 5, 0]
[3, 20, 2, 3, 6, 34, 5, 9, 2, 5, 17, 5, 6, 36, 36, 18, 12, 20, 17, 20, 28, 28, 7, 34, 36, 9, 28, 20, 9, 5, 2, 36, 2, 6, 17, 5, 7, 1, 28, 3, 7, 5, 20, 28, 3, 36, 9, 9, 6, 1, 12, 7, 12, 28, 6, 36, 6, 2, 12, 1, 20, 6, 7, 7, 39, 2, 12, 3, 18, 1, 9, 34, 34, 12, 3, 17, 1, 1, 5, 7, 18, 2, 18, 3, 18, 20, 17, 18, 1, 34, 34, 9, 12, 36, 17, 39, 34, 17, 18, 28]	[5, 5, 5, 0, 5, 5, 5, 0, 5, 0, 0, 5, 0, 0, 0, 0, 5, 5, 0, 5, 0, 0, 0, 0, 0, 0, 0, 5, 0, 0, 0, 0, 0, 5, 0, 5, 0, 0, 5, 0]
[20, 11, 20, 1, 2, 5, 34, 7, 7, 20, 4, 34, 2, 18, 36, 24, 24, 3, 4, 11, 4, 18, 14, 34, 36, 5, 11, 11, 5, 18, 9, 24, 7, 2, 4, 34, 16, 20, 11, 9, 9, 5, 36, 24, 7, 36, 16, 36, 2, 1, 14, 9, 14, 9, 2, 24, 2, 7, 14, 1, 11, 2, 1, 16, 1, 7, 14, 1, 5, 16, 20, 20, 34, 14, 16, 4, 16, 9, 20, 7, 34, 18, 5, 18, 24, 36, 4, 24, 16, 1, 34, 36, 14, 18, 4, 5, 18, 11, 3, 9]	[5, 5, 5, 5, 5, 0, 5, 0, 5, 0, 5, 0, 0, 5, 0, 5, 0, 5, 0, 5, 0, 0, 0, 5, 0, 0, 0, 0, 0, 0, 0, 0, 0, 5, 0, 5, 0, 0, 0, 0]
[39, 18, 2, 39, 6, 24, 5, 20, 2, 5, 17, 5, 6, 36, 36, 1, 8, 18, 17, 18, 28, 28, 7, 24, 36, 20, 28, 18, 20, 5, 2, 36, 2, 6, 17, 5, 7, 14, 28, 39, 7, 5, 18, 28, 39, 36, 20, 20, 6, 14, 8, 7, 8, 28, 6, 36, 6, 2, 8, 14, 18, 6, 7, 7, 12, 2, 8, 39, 1, 14, 20, 24, 24, 8, 39, 17, 14, 14, 5, 7, 1, 2, 1, 39, 1, 18, 17, 1, 14, 24, 24, 20, 8, 36, 17, 12, 24, 17, 1, 28]	[5, 5, 0, 0, 5, 5, 5, 5, 0, 0, 0, 5, 0, 5, 0, 0, 5, 5, 0, 5, 0, 0, 0, 5, 0, 0, 0, 5, 0, 0, 0, 0, 0, 0, 0, 5, 0, 0, 5, 0]
