[12, 12, 40, 14, 9, 16, 35, 37, 4, 25, 37, 35, 37, 40, 25, 40, 11, 14, 29, 37, 34, 14, 9, 24, 14, 11, 9, 16, 6, 40, 25, 25, 4, 4, 24, 37, 34, 14, 35, 6, 12, 35, 16, 12, 34, 12, 34, 9, 24, 24, 16, 4, 11, 6, 25, 24, 6, 12, 37, 34, 4, 16, 6, 40, 34, 6, 25, 29, 40, 40, 16, 11, 11, 12, 25, 29, 29, 35, 4, 9, 35, 5, 34, 29, 11, 16, 6, 14, 14, 37, 5, 9, 9, 35, 29, 24, 11, 29, 24, 4]	[0, 0, 0, 5, 5, 8, 0, 0, 5, 0, 8, 8, 0, 8, 0, 8, 0, 0, 0, 0, 0, 0, 0, 5, 8, 0, 0, 0, 8, 0, 0, 0, 0, 5, 8, 0, 5, 0, 0, 8]
[12, 12, 40, 14, 9, 16, 35, 37, 4, 25, 37, 35, 37, 40, 25, 40, 39, 14, 29, 37, 34, 14, 9, 24, 14, 39, 9, 16, 6, 40, 25, 25, 4, 4, 24, 37, 34, 14, 35, 6, 12, 35, 16, 12, 34, 12, 34, 9, 24, 24, 16, 4, 39, 6, 25, 24, 6, 12, 37, 34, 4, 16, 6, 40, 34, 6, 25, 29, 40, 40, 16, 39, 39, 12, 25, 29, 29, 35, 4, 9, 35, 5, 34, 29, 39, 16, 6, 14, 14, 37, 5, 9, 9, 35, 29, 24, 39, 29, 24, 4]	[0, 0, 0, 5, 5, 8, 0, 0, 5, 0, 0, 8, 0, 8, 0, 8, 0, 0, 0, 0, 0, 0, 0, 5, 8, 0, 0, 0, 8, 0, 0, 0, 0, 5, 8, 0, 5, 0, 8, 8]
[28, 28, 40, 14, 9, 17, 35, 37, 4, 25, 37, 35, 37, 40, 25, 40, 39, 14, 29, 37, 34, 14, 9, 24, 14, 39, 9, 17, 6, 40, 25, 25, 4, 4, 24, 37, 34, 14, 35, 6, 28, 35, 17, 28, 34, 28, 34, 9, 24, 24, 17, 4, 39, 6, 25, 24, 6, 28, 37, 34, 4, 17, 6, 40, 34, 6, 25, 29, 40, 40, 17, 39, 39, 28, 25, 29, 29, 35, 4, 9, 35, 5, 34, 29, 39, 17, 6, 14, 14, 37, 5, 9, 9, 35, 29, 24, 39, 29, 24, 4]	[0, 0, 0, 5, 5, 8, 0, 0, 5, 0, 0, 0, 0, 8, 0, 0, 8, 0, 0, 0, 0, 0, 0, 5, 8, 0, 0, 8, 8, 0, 0, 0, 0, 5, 8, 0, 5, 0, 8, 8]
[7, 7, 40, 14, 9, 17, 35, 37, 4, 25, 37, 35, 37, 40, 25, 40, 39, 14, 29, 37, 34, 14, 9, 24, 14, 39, 9, 17, 6, 40, 25, 25, 4, 4, 24, 37, 34, 14, 35, 6, 7, 35, 17, 7, 34, 7, 34, 9, 24, 24, 17, 4, 39, 6, 25, 24, 6, 7, 37, 34, 4, 17, 6, 40, 34, 6, 25, 29, 40, 40, 17, 39, 39, 7, 25, 29, 29, 35, 4, 9, 35, 5, 34, 29, 39, 17, 6, 14, 14, 37, 5, 9, 9, 35, 29, 24, 39, 29, 24, 4]	[0, 0, 0, 5, 5, 8, 5, 0, 5, 0, 0, 0, 0, 8, 0, 0, 8, 0, 0, 0, 0, 0, 0, 5, 8, 0, 0, 0, 8, 0, 0, 0, 0, 5, 8, 0, 5, 0, 8, 8]
[7, 7, 38, 14, 9, 15, 35, 37, 4, 25, 37, 35, 37, 38, 25, 38, 39, 14, 29, 37, 34, 14, 9, 24, 14, 39, 9, 15, 6, 38, 25, 25, 4, 4, 24, 37, 34, 14, 35, 6, 7, 35, 15, 7, 34, 7, 34, 9, 24, 24, 15, 4, 39, 6, 25, 24, 6, 7, 37, 34, 4, 15, 6, 38, 34, 6, 25, 29, 38, 38, 15, 39, 39, 7, 25, 29, 29, 35, 4, 9, 35, 5, 34, 29, 39, 15, 6, 14, 14, 37, 5, 9, 9, 35, 29, 24, 39, 29, 24, 4]	[0, 0, 0, 5, 5, 8, 5, 0, 5, 0, 0, 0, 0, 8, 8, 0, 0, 0, 0, 0, 0, 0, 0, 5, 8, 0, 0, 0, 8, 0, 0, 0, 0, 5, 8, 0, 5, 8, 8, 0]
[7, 7, 26, 14, 9, 3, 35, 40, 4, 25, 40, 35, 40, 26, 25, 26, 39, 14, 29, 40, 34, 14, 9, 24, 14, 39, 9, 3, 6, 26, 25, 25, 4, 4, 24, 40, 34, 14, 35, 6, 7, 35, 3, 7, 34, 7, 34, 9, 24, 24, 3, 4, 39, 6, 25, 24, 6, 7, 40, 34, 4, 3, 6, 26, 34, 6, 25, 29, 26, 26, 3, 39, 39, 7, 25, 29, 29, 35, 4, 9, 35, 5, 34, 29, 39, 3, 6, 14, 14, 40, 5, 9, 9, 35, 29, 24, 39, 29, 24, 4]	[0, 0, 5, 5, 5, 8, 5, 0, 5, 0, 0, 0, 0, 8, 0, 0, 0, 0, 0, 0, 0, 0, 0, 5, 8, 8, 0, 0, 8, 0, 0, 0, 0, 5, 8, 0, 0, 0, 8, 8]
[4, 4, 31, 34, 9, 31, 35, 29, 24, 6, 37, 14, 37, 40, 14, 40, 14, 24, 7, 37, 34, 25, 16, 31, 9, 14, 9, 34, 31, 40, 31, 25, 6, 14, 25, 7, 37, 24, 29, 6, 25, 4, 35, 4, 40, 4, 34, 16, 34, 9, 16, 9, 7, 35, 34, 31, 16, 4, 40, 34, 6, 35, 6, 31, 40, 35, 14, 29, 25, 37, 7, 24, 16, 4, 16, 24, 16, 35, 40, 7, 35, 12, 25, 37, 14, 24, 25, 6, 29, 37, 24, 12, 9, 29, 29, 6, 9, 29, 7, 7]	[0, 0, 0, 5, 0, 8, 5, 0, 5, 0, 0, 8, 0, 8, 0, 8, 0, 0, 0, 0, 0, 0, 0, 5, 8, 0, 0, 0, 8, 0, 8, 0, 0, 5, 8, 0, 5, 0, 0, 8]
[9, 1, 40, 14, 29, 4, 35, 4, 3, 25, 34, 9, 25, 40, 25, 35, 4, 14, 29, 37, 34, 1, 16, 40, 14, 35, 16, 34, 16, 40, 25, 1, 29, 9, 7, 37, 34, 14, 7, 37, 7, 7, 16, 1, 34, 9, 34, 16, 24, 4, 3, 14, 40, 35, 25, 24, 3, 9, 9, 34, 24, 37, 4, 40, 7, 3, 25, 29, 7, 4, 3, 3, 16, 7, 25, 24, 29, 35, 40, 24, 35, 28, 1, 4, 9, 16, 1, 14, 1, 3, 37, 37, 28, 35, 29, 24, 37, 29, 24, 14]	[8, 0, 5, 5, 0, 0, 8, 0, 5, 0, 0, 0, 0, 8, 0, 8, 0, 0, 0, 0, 0, 0, 0, 5, 8, 0, 0, 5, 8, 0, 0, 0, 0, 5, 8, 0, 5, 0, 0, 8]
[34, 11, 1, 14, 25, 37, 37, 29, 3, 25, 31, 34, 25, 4, 34, 35, 4, 14, 6, 31, 4, 11, 9, 3, 9, 4, 9, 35, 1, 9, 25, 11, 12, 4, 2, 6, 34, 14, 2, 1, 2, 2, 35, 11, 1, 34, 1, 3, 3, 37, 3, 9, 6, 25, 25, 29, 3, 34, 37, 37, 12, 35, 31, 31, 2, 35, 4, 29, 2, 37, 6, 3, 14, 2, 25, 29, 29, 35, 31, 6, 35, 31, 11, 37, 34, 1, 11, 14, 11, 4, 1, 14, 14, 9, 29, 31, 9, 29, 6, 6]	[8, 8, 5, 8, 0, 8, 0, 0, 5, 0, 8, 8, 0, 8, 0, 0, 0, 0, 0, 0, 0, 0, 0, 0, 8, 0, 0, 0, 8, 0, 8, 0, 0, 5, 8, 0, 5, 0, 0, 0]
[40, 1, 7, 14, 4, 34, 6, 29, 7, 6, 37, 40, 13, 25, 34, 13, 25, 14, 7, 37, 40, 1, 37, 3, 14, 40, 37, 9, 13, 13, 34, 1, 4, 25, 2, 7, 25, 13, 2, 4, 2, 2, 4, 1, 9, 25, 6, 9, 3, 34, 9, 14, 7, 4, 3, 4, 9, 25, 34, 34, 9, 37, 37, 24, 2, 3, 40, 29, 2, 37, 7, 4, 14, 2, 3, 29, 29, 6, 3, 13, 6, 24, 1, 34, 25, 13, 1, 14, 1, 40, 9, 14, 3, 29, 29, 6, 40, 29, 7, 6]	[8, 8, 5, 5, 0, 8, 5, 0, 5, 0, 0, 0, 8, 8, 0, 0, 0, 0, 0, 0, 0, 0, 0, 5, 8, 0, 0, 0, 8, 0, 0, 0, 0, 5, 0, 0, 5, 0, 0, 8]
[9, 13, 7, 1, 25, 9, 9, 3, 4, 25, 1, 9, 25, 3, 29, 37, 3, 4, 4, 37, 3, 13, 40, 24, 24, 14, 37, 1, 38, 40, 25, 13, 4, 3, 2, 37, 1, 7, 2, 38, 2, 2, 40, 13, 1, 14, 1, 26, 24, 9, 38, 4, 7, 25, 25, 29, 38, 14, 9, 1, 4, 37, 37, 40, 2, 38, 14, 14, 2, 37, 7, 7, 40, 2, 25, 29, 29, 38, 4, 24, 7, 40, 13, 9, 3, 40, 13, 24, 13, 14, 26, 7, 38, 29, 29, 24, 14, 29, 24, 3]	[8, 8, 8, 5, 0, 0, 5, 0, 5, 0, 0, 0, 8, 8, 0, 0, 0, 0, 0, 0, 0, 0, 0, 5, 8, 5, 0, 0, 8, 0, 0, 0, 0, 0, 0, 0, 5, 5, 0, 8]
[11, 1, 16, 24, 7, 35, 35, 3, 24, 6, 5, 11, 24, 2, 11, 24, 5, 7, 29, 24, 35, 1, 9, 29, 9, 34, 9, 24, 6, 2, 11, 1, 4, 3, 3, 9, 11, 27, 3, 34, 3, 5, 4, 1, 2, 11, 6, 7, 6, 35, 34, 4, 34, 4, 16, 7, 34, 11, 35, 35, 24, 27, 4, 27, 2, 6, 7, 29, 2, 4, 7, 5, 34, 3, 27, 29, 29, 6, 2, 9, 6, 5, 1, 35, 3, 5, 1, 7, 1, 34, 27, 27, 27, 4, 29, 5, 9, 29, 9, 2]	[8, 8, 8, 5, 8, 8, 5, 0, 5, 0, 8, 0, 0, 0, 0, 8, 0, 0, 0, 0, 0, 0, 0, 5, 0, 0, 8, 0, 8, 0, 0, 0, 0, 8, 8, 0, 0, 0, 0, 0]
[11, 1, 16, 24, 34, 35, 35, 3, 24, 6, 5, 11, 24, 2, 11, 24, 5, 34, 29, 24, 35, 1, 9, 29, 9, 22, 9, 24, 6, 2, 11, 1, 27, 3, 3, 9, 11, 7, 3, 22, 3, 5, 27, 1, 2, 11, 6, 34, 6, 35, 22, 27, 22, 27, 16, 34, 22, 11, 35, 35, 24, 7, 27, 7, 2, 6, 34, 29, 2, 27, 34, 5, 22, 3, 7, 29, 29, 6, 2, 9, 6, 5, 1, 35, 3, 5, 1, 34, 1, 22, 7, 7, 7, 27, 29, 5, 9, 29, 9, 2]	[8, 8, 8, 0, 8, 8, 8, 0, 5, 0, 8, 0, 0, 0, 0, 8, 0, 0, 0, 0, 0, 8, 0, 5, 0, 0, 8, 0, 8, 0, 0, 0, 0, 8, 8, 0, 0, 0, 0, 0]
[6, 1, 24, 24, 25, 14, 14, 5, 9, 24, 37, 6, 37, 5, 6, 37, 5, 25, 7, 37, 5, 1, 40, 16, 34, 25, 34, 9, 16, 12, 6, 1, 9, 5, 2, 34, 6, 12, 2, 40, 2, 2, 25, 1, 24, 6, 40, 16, 29, 14, 40, 9, 25, 25, 29, 7, 40, 6, 14, 9, 9, 37, 14, 16, 2, 29, 25, 7, 2, 14, 16, 40, 40, 2, 16, 7, 7, 29, 9, 34, 24, 29, 1, 14, 5, 16, 1, 29, 1, 37, 24, 29, 24, 34, 7, 37, 34, 7, 34, 5]	[8, 8, 0, 0, 8, 8, 8, 0, 8, 0, 0, 8, 0, 8, 0, 8, 0, 0, 0, 0, 0, 0, 0, 5, 8, 0, 0, 0, 8, 0, 0, 0, 0, 8, 0, 0, 5, 0, 0, 8]
[11, 27, 16, 24, 34, 35, 35, 3, 24, 6, 5, 11, 24, 26, 11, 24, 5, 34, 29, 24, 35, 27, 9, 29, 9, 22, 9, 24, 6, 26, 11, 27, 1, 3, 3, 9, 11, 4, 3, 22, 3, 5, 1, 27, 26, 11, 6, 34, 6, 35, 22, 1, 22, 1, 16, 34, 22, 11, 35, 35, 24, 4, 1, 4, 26, 6, 34, 29, 26, 1, 34, 5, 22, 3, 4, 29, 29, 6, 26, 9, 6, 5, 27, 35, 3, 5, 27, 34, 27, 22, 4, 4, 4, 1, 29, 5, 9, 29, 9, 26]	[8, 0, 8, 8, 8, 8, 0, 0, 5, 0, 8, 0, 0, 0, 0, 8, 0, 0, 0, 0, 0, 8, 0, 5, 0, 8, 8, 0, 8, 0, 0, 0, 0, 8, 8, 0, 0, 0, 0, 0]
[6, 11, 24, 24, 25, 14, 14, 5, 16, 24, 37, 6, 37, 5, 6, 37, 5, 25, 7, 37, 5, 11, 40, 1, 9, 25, 9, 16, 1, 12, 6, 11, 16, 5, 2, 9, 6, 12, 2, 40, 2, 2, 25, 11, 24, 6, 40, 1, 29, 14, 40, 16, 25, 25, 29, 7, 40, 6, 14, 16, 16, 37, 14, 1, 2, 29, 25, 7, 2, 14, 1, 40, 40, 2, 1, 7, 7, 29, 16, 9, 24, 29, 11, 14, 5, 1, 11, 29, 11, 37, 24, 29, 24, 9, 7, 37, 9, 7, 9, 5]	[8, 8, 0, 0, 8, 8, 8, 0, 8, 0, 8, 8, 0, 8, 0, 8, 0, 0, 0, 0, 0, 0, 0, 5, 8, 0, 0, 0, 8, 0, 0, 0, 0, 0, 0, 0, 5, 0, 0, 8]
[6, 11, 24, 24, 9, 14, 14, 5, 16, 24, 37, 6, 37, 5, 6, 37, 5, 9, 7, 37, 5, 11, 40, 1, 35, 9, 35, 16, 1, 12, 6, 11, 16, 5, 2, 35, 6, 12, 2, 40, 2, 2, 9, 11, 24, 6, 40, 1, 29, 14, 40, 16, 9, 9, 29, 7, 40, 6, 14, 16, 16, 37, 14, 1, 2, 29, 9, 7, 2, 14, 1, 40, 40, 2, 1, 7, 7, 29, 16, 35, 24, 29, 11, 14, 5, 1, 11, 29, 11, 37, 24, 29, 24, 35, 7, 37, 35, 7, 35, 5]	[8, 8, 0, 0, 8, 8, 8, 0, 8, 0, 8, 8, 0, 8, 0, 8, 0, 0, 0, 0, 0, 0, 0, 5, 0, 0, 0, 0, 8, 0, 0, 0, 0, 0, 8, 0, 5, 0, 0, 8]
[16, 15, 14, 14, 6, 12, 12, 10, 3, 3, 7, 16, 3, 10, 16, 3, 10, 31, 13, 14, 10, 15, 2, 6, 13, 8, 13, 13, 29, 6, 16, 15, 31, 10, 5, 13, 16, 14, 5, 8, 5, 5, 31, 15, 14, 16, 2, 9, 29, 12, 2, 12, 8, 31, 3, 29, 2, 16, 12, 12, 6, 7, 31, 2, 5, 7, 8, 8, 5, 31, 14, 7, 2, 5, 13, 3, 29, 9, 6, 29, 6, 7, 15, 12, 10, 7, 15, 6, 15, 8, 2, 13, 29, 31, 14, 7, 8, 3, 29, 10]	[0, 8, 8, 0, 8, 8, 8, 8, 8, 8, 0, 8, 8, 8, 8, 8, 0, 0, 0, 0, 0, 0, 0, 0, 0, 0, 0, 0, 8, 0, 8, 0, 0, 0, 0, 0, 0, 0, 0, 0]
